0.000000000000000000e+00
0.000000000000000000e+00
0.000000000000000000e+00
0.000000000000000000e+00
0.000000000000000000e+00
2.440757721219355934e-03
1.803995167339339165e-02
7.107401951431864540e-02
1.968516317782328939e-01
4.273207550259281451e-01
7.699539333335883029e-01
1.193488697945207511e+00
1.633688916921527623e+00
2.020819699589747831e+00
2.314825486346588246e+00
2.526005858289382289e+00
2.705997605832304753e+00
2.912924218277817889e+00
3.172774468727932451e+00
3.462844748938620487e+00
3.728586184365589418e+00
3.922014486612590556e+00
4.034540773563564997e+00
4.101083471080202436e+00
4.173090133736780061e+00
4.280603965998259319e+00
4.411198411489613669e+00
4.520782687122482102e+00
4.567521777100226110e+00
4.543164407527416238e+00
4.478526259979152435e+00
4.419680129772628696e+00
4.393455390299833674e+00
4.388492570487439792e+00
4.365773928649959501e+00
4.289915987063365854e+00
4.156934017796416470e+00
3.997414797937264730e+00
3.853274704587049015e+00
3.746537661231117866e+00
3.664298023031208107e+00
3.571091902790532124e+00
3.438564259426039271e+00
3.269162930418583635e+00
3.095612977555834977e+00
2.956930064532733660e+00
2.869794532449843949e+00
2.817289285581519920e+00
2.763131265221309363e+00
2.679682585730475797e+00
2.567729586159568367e+00
2.453076171202132283e+00
2.363559297173302376e+00
2.305425807644809311e+00
2.258141803700352668e+00
2.191758822341509649e+00
2.092892255514111177e+00
1.978453041586569316e+00
1.885884945667738011e+00
1.847137627494882306e+00
1.866387938948887326e+00
1.918616632441988212e+00
1.969915888768641654e+00
2.003599596153354589e+00
2.031898807245324790e+00
2.084455281314978148e+00
2.182921230699609083e+00
2.321622760730012835e+00
2.469322353159542960e+00
2.590691404419874999e+00
2.671060950624664976e+00
2.725888225592460579e+00
2.788435893850999658e+00
2.885709942329306887e+00
3.020899903937391606e+00
3.174498512106734172e+00
3.321331438935198666e+00
3.448969323771187145e+00
3.563443689336448283e+00
3.679786821956641862e+00
3.807708716447709030e+00
3.946133019926666208e+00
4.091738148880073034e+00
4.253478988413863071e+00
4.458547017867437567e+00
4.741203746924300688e+00
5.119938401271465267e+00
5.579162568890221330e+00
6.070096905990650882e+00
6.532201647527758226e+00
6.921447355545740976e+00
7.226574131930324718e+00
7.463384146634817640e+00
7.653328773891542092e+00
7.803780251448000804e+00
7.904980259511960483e+00
7.944812567469424103e+00
7.928168057600820440e+00
7.883951690559006131e+00
7.852497676313125119e+00
7.861618577171316957e+00
7.908673876424542115e+00
7.961912747825297565e+00
7.980289017552021136e+00
7.937837579709684732e+00
7.836326013677492597e+00
7.699451810451876987e+00
7.555391532929554899e+00
7.421520074044212656e+00
7.300891306657531388e+00
7.189088771244152021e+00
7.081906071242245027e+00
6.975615914897097092e+00
6.860571144698617729e+00
6.717082608305324776e+00
6.522081012470194672e+00
6.265626558259284273e+00
5.965670839264780589e+00
5.667273029810051987e+00
5.422070841003701958e+00
5.258827388298618288e+00
5.164684226915391640e+00
5.091537292097113365e+00
4.985303099493767043e+00
4.819430173422010633e+00
4.610081829365711314e+00
4.402458712348780168e+00
4.237519227590055948e+00
4.121808451225065895e+00
4.020622965944872895e+00
3.878272104364538730e+00
3.650718117517882888e+00
3.328470677736547145e+00
2.935929679437097484e+00
2.510590006082745518e+00
2.078840337139864047e+00
1.645370601162174484e+00
1.201413954602382095e+00
7.428353938020699765e-01
2.829990707950211792e-01
-1.490261937138646076e-01
-5.224916179424461404e-01
-8.202225468490658145e-01
-1.044811500156006989e+00
-1.213621027046779322e+00
-1.348688378006376087e+00
-1.469418956430661449e+00
-1.590935916047501397e+00
-1.724587198324138537e+00
-1.875550009294387088e+00
-2.037030506050077072e+00
-2.186593591237113277e+00
-2.291299072556832961e+00
-2.322359898357567065e+00
-2.271368382587332313e+00
-2.156399969762389013e+00
-2.011859648810012668e+00
-1.867602864705107724e+00
-1.731780985378451820e+00
-1.590366251658129393e+00
-1.424440509192020698e+00
-1.232537683074075296e+00
-1.040377356758204197e+00
-8.888547906598560644e-01
-8.075253518709510914e-01
-7.928476669565061030e-01
-8.084894995818996399e-01
-8.096020083745956164e-01
-7.750177849865904633e-01
-7.242538250671988198e-01
-7.058963894560434937e-01
-7.640211292612930638e-01
-9.054289102683898971e-01
-1.090785335350521468e+00
-1.256626015459022305e+00
-1.353894684707029672e+00
-1.377275241540422801e+00
-1.366047765974069961e+00
-1.376780187135262068e+00
-1.446951740570793232e+00
-1.573642956322222286e+00
-1.719876446247829982e+00
-1.841917086560775463e+00
-1.917585220910652088e+00
-1.957052101244498576e+00
-1.991436998717903251e+00
-2.050037536073785471e+00
-2.143202981794598561e+00
-2.261367316327070665e+00
-2.387668266656419735e+00
-2.512144889967620642e+00
-2.636286517658039674e+00
-2.766025208409389702e+00
-2.901142225661226259e+00
-3.031706171711499476e+00
-3.145875769468060135e+00
-3.243502197096489681e+00
-3.344372575263492298e+00
-3.483037071120973494e+00
-3.691654539005037261e+00
-3.981151597210597082e+00
-4.332807327646321482e+00
-4.705941579338620784e+00
-5.057272341012927441e+00
-5.360542686128753509e+00
-5.615481554422825816e+00
-5.842180612045731358e+00
-6.065628017662527682e+00
-6.300104633429241652e+00
-6.542026202919625000e+00
-6.774119486649035515e+00
-6.977375350162370538e+00
-7.143548148743199100e+00
-7.281475544947590528e+00
-7.414274649912816706e+00
-7.569306140637591440e+00
-7.766366641394392367e+00
-8.010309160637351766e+00
-8.291859153034323526e+00
-8.595860029837798066e+00
-8.911820149618790765e+00
-9.240016869784561493e+00
-9.588924246736649337e+00
-9.965314825030109347e+00
-1.036367648612620940e+01
-1.076281385182205597e+01
-1.113320427238565458e+01
-1.145122493268330288e+01
-1.171084725079797551e+01
-1.192417729507443980e+01
-1.210952471990334445e+01
-1.227483675595502355e+01
-1.240870337019184966e+01
-1.248692031544961267e+01
-1.249199225553120662e+01
-1.243312764334080534e+01
-1.235244748400927328e+01
-1.231125559698855731e+01
-1.236318251246709821e+01
-1.252995970071752119e+01
-1.279415469970408559e+01
-1.311222113578644866e+01
-1.343824714157348232e+01
-1.374276758057315817e+01
-1.401586907467400778e+01
-1.425570960469840998e+01
-1.445377536294941656e+01
-1.458952924359924275e+01
-1.463907953067440992e+01
-1.459142567365832299e+01
-1.445995580001160441e+01
-1.428023550556664034e+01
-1.409486050867085183e+01
-1.393492091766789542e+01
-1.380929893705229716e+01
-1.370702888930170182e+01
-1.360924226882187149e+01
-1.350211563746762700e+01
-1.338361790810297869e+01
-1.326246598196565074e+01
-1.315260238629724121e+01
-1.306734515620141579e+01
-1.301482774774105877e+01
-1.299397448526754140e+01
-1.299078310422926386e+01
-1.297737193951015477e+01
-1.291757305827079882e+01
-1.278000453084823462e+01
-1.255359449171589503e+01
-1.225618312896748385e+01
-1.192872777136760298e+01
-1.161598888504965998e+01
-1.134408458487100901e+01
-1.110871679458573880e+01
-1.088170629691427038e+01
-1.063132911770811972e+01
-1.034242982190022708e+01
-1.002268533969404807e+01
-9.691849606769689984e+00
-9.363716879753077649e+00
-9.036015888096020632e+00
-8.696945800958221895e+00
-8.343250108718285318e+00
-7.994292321458241979e+00
-7.688178549835806841e+00
-7.459205254087361681e+00
-7.311190917548449519e+00
-7.206695681368235462e+00
-7.082694261624152610e+00
-6.885012673124627725e+00
-6.599881602816499715e+00
-6.261821274826129269e+00
-5.932660866386843423e+00
-5.665857663684027656e+00
-5.479541078141441091e+00
-5.354342826424597135e+00
-5.253802189733931094e+00
-5.149626957540603733e+00
-5.032688474343005147e+00
-4.903811327843811796e+00
-4.755523004192396819e+00
-4.563392391680794802e+00
-4.297439555610386819e+00
-3.946681281806174280e+00
-3.537067737977901860e+00
-3.125582809234739301e+00
-2.770184337489932425e+00
-2.494249474371905695e+00
-2.270655052237611660e+00
-2.038741097057120921e+00
-1.744900690021202960e+00
-1.380375567149122684e+00
-9.906396552236877984e-01
-6.494767191942127926e-01
-4.146215052087540154e-01
-2.940895337947785348e-01
-2.446730386437877547e-01
-2.021564231995880978e-01
-1.220219772794548518e-01
-3.886554369484707117e-03
1.143986965880767759e-01
1.858995412520398349e-01
1.853081271323369084e-01
1.209143171714679443e-01
2.258207544142742940e-02
-8.251850179762199033e-02
-1.877407709687510806e-01
-3.066542568998831264e-01
-4.573871607503572356e-01
-6.452041080718076138e-01
-8.565610435441384229e-01
-1.067776275053367252e+00
-1.260045068956707537e+00
-1.428486745264317292e+00
-1.578680399418521230e+00
-1.714556949498499350e+00
-1.828246668565237876e+00
-1.900547171517569023e+00
-1.912000941143845001e+00
-1.856135761015779373e+00
-1.744710857675986659e+00
-1.600935683996164371e+00
-1.445728134357097350e+00
-1.287222465629341617e+00
-1.121164145004247992e+00
-9.415999800156269472e-01
-7.535259072686875115e-01
-5.774968967297575695e-01
-4.417234070383706523e-01
-3.658969819919581923e-01
-3.468765554125927686e-01
-3.555724703740845705e-01
-3.476303451434157310e-01
-2.823455642458188031e-01
-1.396958327378001741e-01
7.311505394216633036e-02
3.280447928424985449e-01
5.910570432359381066e-01
8.371234093808483934e-01
1.058017717290771209e+00
1.260166058389369237e+00
1.455319528757435421e+00
1.650286563313587251e+00
1.841814627086892031e+00
2.019291767343807109e+00
2.173220565996467624e+00
2.304002825378771213e+00
2.425384782126947414e+00
2.560119725527680856e+00
2.730186454793794404e+00
2.947352654759816559e+00
3.209726036173733199e+00
3.506117934021679705e+00
3.824939168192614147e+00
4.161384677238378238e+00
4.517989251440444498e+00
4.898476796228981023e+00
5.299823029185732892e+00
5.708945222142764564e+00
6.107146132097486912e+00
6.479587490782503068e+00
6.822918961315143527e+00
7.144983385159479283e+00
7.455980867199567541e+00
7.756818910847312232e+00
8.032959180292515100e+00
8.258798993178867676e+00
8.410596897174828612e+00
8.480048906531310493e+00
8.480014246106888365e+00
8.439009137970241881e+00
8.388319844439388717e+00
8.349907158568097287e+00
8.331872610926305711e+00
8.332469307817092385e+00
8.347820163799546833e+00
8.376746046946102808e+00
8.419307625320557875e+00
8.471086985129435476e+00
8.518726134540544948e+00
8.541348700678708994e+00
8.518119133602336746e+00
8.437676274203036897e+00
8.303690665251538761e+00
8.133134620988961672e+00
7.948172183941732527e+00
7.766006054749458265e+00
7.591735812910799019e+00
7.417426824789346895e+00
7.227622615787703708e+00
7.008904226952967775e+00
6.759480040763687470e+00
6.494335204875376633e+00
6.242457797701861821e+00
6.035494473879577271e+00
5.891552284419657504e+00
5.801902214740426444e+00
5.729134714249435767e+00
5.620880486246150554e+00
5.434686467025666268e+00
5.161670378847070140e+00
4.834836417352247118e+00
4.515050556662724368e+00
4.260522377403279215e+00
4.096461313206063437e+00
4.002813196874379642e+00
3.927761343533046290e+00
3.818849537245580628e+00
3.652389251883044086e+00
3.443008434716194888e+00
3.228411025208059115e+00
3.040935746742909451e+00
2.886048262699353106e+00
2.742500787141604501e+00
2.583264080298392606e+00
2.401449425274903682e+00
2.221824419480070034e+00
2.088766798923356482e+00
2.038331571732090008e+00
2.073582181715256212e+00
2.160357605428667949e+00
2.246706598402424149e+00
2.293226312982843851e+00
2.294641432371538059e+00
2.279614957485791571e+00
2.290825716246999377e+00
2.359997944083349175e+00
2.494292773019711085e+00
2.680901119125755461e+00
2.903392114780167788e+00
3.156008276150701786e+00
3.445340621345486909e+00
3.779397353817920191e+00
4.153727834359036919e+00
4.546054598176436201e+00
4.924111713352766984e+00
5.261610024979422207e+00
5.551653676685752714e+00
5.809074197699389153e+00
6.060779478096220529e+00
6.330558776961744627e+00
6.627086359493377543e+00
6.940577650324854631e+00
7.247967516247762809e+00
7.522611497440371942e+00
7.744027355445735950e+00
7.904830664031863741e+00
8.013506107285849112e+00
8.092104438325174343e+00
8.168433896320602017e+00
8.264238862408191721e+00
8.383890621925376152e+00
8.509814054049217091e+00
8.608709790754289770e+00
8.646698087661665255e+00
8.605351760365284264e+00
8.488950986466644366e+00
8.318308686193148560e+00
8.115398212085288776e+00
7.889549976244807361e+00
7.635041409165364001e+00
7.341630199326718120e+00
7.009790405010390302e+00
6.658509364399834318e+00
6.318805873153184649e+00
6.016994479410112895e+00
5.759965355945049659e+00
5.533794351865776839e+00
5.317112274255992865e+00
5.099132661446860837e+00
4.888044658281876842e+00
4.702361950188673312e+00
4.551066443129180072e+00
4.418030323504465784e+00
4.264461623960878356e+00
4.050522555795629920e+00
3.762686052316544405e+00
3.427708691446461842e+00
3.102087284445355309e+00
2.842377963176779598e+00
2.675173920614786649e+00
2.586144687356537908e+00
2.534659433000004292e+00
2.483134600034407669e+00
2.420595951520979838e+00
2.364725440324674910e+00
2.342283157470583355e+00
2.363061283949993818e+00
2.406733179446627346e+00
2.432450763910704250e+00
2.404852831350144271e+00
2.318731988533722088e+00
2.205666063743659144e+00
2.118216220020311624e+00
2.101986215735099695e+00
2.172997585315988189e+00
2.313282140309313117e+00
2.485263552057606518e+00
2.654089484007503330e+00
2.803774741217765598e+00
2.938919609354077700e+00
3.073900447085367471e+00
3.218801091067948761e+00
3.371774192478790955e+00
3.521846626419881332e+00
3.658913629509057408e+00
3.783477984371153013e+00
3.909554106469612211e+00
4.058756506980572887e+00
4.248829175498855193e+00
4.482946642323748954e+00
4.745791412873724191e+00
5.009110804698689634e+00
5.244729645476838620e+00
5.438924959576510787e+00
5.600674065242147392e+00
5.758712164730098060e+00
5.947942611066718399e+00
6.191840527867671362e+00
6.490415860024874029e+00
6.820675868489625593e+00
7.149274887462875760e+00
7.449441572536732004e+00
7.711465331557378455e+00
7.940353292038255795e+00
8.143186971802032659e+00
8.316092769170271737e+00
8.441122692279391160e+00
8.496079639061278499e+00
8.470467943965900304e+00
8.375612313527852848e+00
8.240692426776346835e+00
8.096583400214665716e+00
7.958541805559901761e+00
7.819951139119873496e+00
7.661410670065737172e+00
7.468233711419520304e+00
7.243398767993261878e+00
7.006800569251439903e+00
6.782343438085295162e+00
6.583643713565775712e+00
6.409573549494317568e+00
6.252219703677351248e+00
6.109084809278318318e+00
5.987480311598720739e+00
5.895651205912415982e+00
5.827234958369101214e+00
5.753219531112428342e+00
5.631615399092561702e+00
5.431581818620271562e+00
5.155863616072734246e+00
4.843797434905597221e+00
4.549510359507832113e+00
4.308064121513942801e+00
4.112689409921523875e+00
3.920226792505964841e+00
3.682653176176587273e+00
3.383555799087532456e+00
3.053688469335209099e+00
2.753478105612594540e+00
2.533294977841400009e+00
2.398189009369311897e+00
2.301131342611021147e+00
2.169343542741954955e+00
1.945865260940134789e+00
1.618930024610004015e+00
1.221345206219900614e+00
8.033917456040842175e-01
4.002123394669570011e-01
1.619097814206504893e-02
-3.655158991776326083e-01
-7.588661384721735459e-01
-1.156050021298784980e+00
-1.527525416083222343e+00
-1.839095141903797970e+00
-2.071650340455728490e+00
-2.228885109171599765e+00
-2.329180033536905281e+00
-2.390380163226674348e+00
-2.420304757580307164e+00
-2.419028690418676852e+00
-2.387884604895705198e+00
-2.334553434938766880e+00
-2.268197874362081645e+00
-2.189029433272271508e+00
-2.083460420448134176e+00
-1.932547843305305602e+00
-1.730029399834012604e+00
-1.496355202579387811e+00
-1.275681725659697729e+00
-1.114569456448966989e+00
-1.035479932386947244e+00
-1.023630890242722025e+00
-1.037258567746481397e+00
-1.034640100272469443e+00
-9.989077008260558443e-01
-9.433864072323425720e-01
-8.949238673135908595e-01
-8.693050932410089082e-01
-8.585448000036395300e-01
-8.401439757613617942e-01
-8.007673991368118305e-01
-7.549855420502187275e-01
-7.430420150249106293e-01
-8.076180122150327101e-01
-9.658993948651999339e-01
-1.197224717373094105e+00
-1.455105704413114154e+00
-1.694374534518485742e+00
-1.893556636594047937e+00
-2.057340184539110162e+00
-2.200127483837242437e+00
-2.326217548489496245e+00
-2.423743587221568685e+00
-2.477136992434973095e+00
-2.486840973715065850e+00
-2.478402139228747636e+00
-2.491409639638176632e+00
-2.555379554366365102e+00
-2.671086523123352929e+00
-2.812506553332858594e+00
-2.948702301164106920e+00
-3.069082252942791911e+00
-3.192299757627445445e+00
-3.351519494593103943e+00
-3.567320615514356863e+00
-3.829514510645464220e+00
-4.102506416642817122e+00
-4.350478635270789596e+00
-4.562952695944427539e+00
-4.760698699830186342e+00
-4.977229570808260561e+00
-5.230430245972399028e+00
-5.507007669689846452e+00
-5.772745333689828229e+00
-6.001286443646527857e+00
-6.199065314884254718e+00
-6.406012361888581808e+00
-6.669594391064165073e+00
-7.010089204268314056e+00
-7.402230968283873835e+00
-7.786944661080567265e+00
-8.105413406296046119e+00
-8.332242377125155031e+00
-8.486181475622071702e+00
-8.613728808335080700e+00
-8.759739732525293476e+00
-8.946018084738808440e+00
-9.169827516926892130e+00
-9.417789441915020987e+00
-9.680217256372902312e+00
-9.954103778176534689e+00
-1.023560782607002118e+01
-1.051323277801961353e+01
-1.077178514196874737e+01
-1.100585174660097998e+01
-1.123042384840316288e+01
-1.147609104853433415e+01
-1.176830777839121467e+01
-1.210493468877180590e+01
-1.245060873929398504e+01
-1.275530824978349642e+01
-1.298550127151814415e+01
-1.314469973520399471e+01
-1.326654481181198797e+01
-1.338427469669231229e+01
-1.349991748820714399e+01
-1.357881521980254469e+01
-1.357679923694357171e+01
-1.348149168987626645e+01
-1.333584336750643118e+01
-1.322272296902641386e+01
-1.321755137863537222e+01
-1.334092362840430468e+01
-1.354545278353455728e+01
-1.374770523931257316e+01
-1.388358521413524116e+01
-1.394800370859562122e+01
-1.399071145644080794e+01
-1.407214598482227785e+01
-1.421246549116156999e+01
-1.437167628101557248e+01
-1.447525265744380896e+01
-1.446551407057510552e+01
-1.433997486106078689e+01
-1.414825894072238022e+01
-1.395099894669927032e+01
-1.377312357525509157e+01
-1.358794807405371863e+01
-1.334445635491158555e+01
-1.301649055676432098e+01
-1.263508852795993143e+01
-1.227748055342845390e+01
-1.201912095260871460e+01
-1.188363763160703357e+01
-1.182795703382360131e+01
-1.177408244174715790e+01
-1.166437289347875250e+01
-1.149970370608540193e+01
-1.133266752550257195e+01
-1.122135839936383839e+01
-1.117831523010631045e+01
-1.115244462350200827e+01
-1.105721324711683451e+01
-1.082469072372516194e+01
-1.044704518960481820e+01
-9.977447045291455652e+00
-9.492380328874347128e+00
-9.044359655499095041e+00
-8.638542449802727674e+00
-8.246760795432930280e+00
-7.844215645315601115e+00
-7.438785297861800316e+00
-7.070951792252621715e+00
-6.786088233948211368e+00
-6.601471895233331999e+00
-6.492769234856215377e+00
-6.408560509589335652e+00
-6.300393963972980238e+00
-6.146111269466663529e+00
-5.951982287710380959e+00
-5.736761594319952806e+00
-5.513553107892136929e+00
-5.283935178425272383e+00
-5.045956268120458610e+00
-4.805155547881708067e+00
-4.576191782393176588e+00
-4.372539601149776800e+00
-4.193689042714068727e+00
-4.022463664308261855e+00
-3.836465843305334911e+00
-3.624762785708741220e+00
-3.395279817668450217e+00
-3.165526769836891408e+00
-2.943734604991315784e+00
-2.716924166465893187e+00
-2.458088469516088281e+00
-2.149082056204449032e+00
-1.801414544820811425e+00
-1.456407748183542683e+00
-1.161091770282697500e+00
-9.358749167996829321e-01
-7.586833836979670620e-01
-5.798880502329657460e-01
-3.596116679078932288e-01
-1.009541873622585295e-01
1.462663678927957900e-01
3.161051582220624767e-01
3.708809325824046210e-01
3.276494432133906232e-01
2.470037526091665159e-01
1.913086144051843185e-01
1.816632634627923792e-01
1.840260551685195534e-01
1.341298853790771073e-01
-1.667647457078214046e-02
-2.667307435008257066e-01
-5.636220944049021853e-01
-8.363196016343661388e-01
-1.036020311692862794e+00
-1.158090890369628978e+00
-1.233439263385685214e+00
-1.300174702984642217e+00
-1.378449902959109963e+00
-1.465095523625659535e+00
-1.546780650536103696e+00
-1.616073976599817108e+00
-1.675064650264419530e+00
-1.724643526754825906e+00
-1.751868056128233597e+00
-1.730444038242563654e+00
-1.637833233268452648e+00
-1.476585263443633611e+00
-1.281057133476305232e+00
-1.100154474421942030e+00
-9.654606822739721927e-01
-8.673300638271537188e-01
-7.580011500206649266e-01
-5.821047403458785574e-01
-3.147147773699279227e-01
1.929805877679902082e-02
3.581565828376307437e-01
6.392130303158616300e-01
8.331314100141375967e-01
9.536686120649129350e-01
1.039083366928023722e+00
1.121688544372564156e+00
1.209197328189086651e+00
1.290544402356630371e+00
1.358868797298410147e+00
1.430951693934968461e+00
1.545690050766292067e+00
1.741153737669185464e+00
2.027008565990282563e+00
2.373320496435773030e+00
2.724981318734495339e+00
3.032431034556366534e+00
3.278015792332213962e+00
3.481248454243402790e+00
3.681718182095029768e+00
3.913398784261968633e+00
4.187854191232567302e+00
4.494831780419316303e+00
4.815145360984352862e+00
5.133345797572266278e+00
5.441234159439017226e+00
5.733345386814987954e+00
6.002825998702016719e+00
6.244529881126953619e+00
6.463679503087857547e+00
6.681171361959977517e+00
6.927543149476132811e+00
7.226543400441737930e+00
7.578756057968980109e+00
7.957462610104684586e+00
8.320705381682902413e+00
8.631501953536865557e+00
8.872004634690140890e+00
9.042336213019272151e+00
9.147177360111960809e+00
9.183048177629313358e+00
9.138449893458107098e+00
9.007920472369013609e+00
8.808433940998037670e+00
8.582878326670423164e+00
8.384199596575674818e+00
8.248794588759603030e+00
8.177207254461142938e+00
8.136315214345181346e+00
8.082339200262758538e+00
7.989126337100489472e+00
7.862474617508383723e+00
7.731598425815628950e+00
7.625376470886283897e+00
7.551345667449951726e+00
7.492019479422381778e+00
7.419138518502394142e+00
7.313021145868829009e+00
7.171594292379761093e+00
7.003445087159035687e+00
6.813027382516776420e+00
6.592629404571161977e+00
6.329582059347607093e+00
6.023489992914376145e+00
5.698324968311474059e+00
5.396582284340894375e+00
5.156178192621796441e+00
4.985122650659821630e+00
4.852816089051373183e+00
4.706424797187638731e+00
4.503325046593376513e+00
4.238775872632126962e+00
3.950538937690490915e+00
3.697389054358079186e+00
3.525522147006144635e+00
3.443923589628872239e+00
3.422530948188778233e+00
3.411476375499887137e+00
3.367092760162540888e+00
3.268814710270523172e+00
3.120049312176889078e+00
2.937685506476181097e+00
2.740620922631093137e+00
2.544680956941965722e+00
2.363770283123529214e+00
2.211951149421415685e+00
2.102116808896829614e+00
2.041929992085779855e+00
2.031334249840731854e+00
2.064671127482982094e+00
2.135693378283190391e+00
2.240466323800311521e+00
2.374946254611002061e+00
2.529670314576858647e+00
2.688171759654763626e+00
2.833808449064060042e+00
2.962261423325076137e+00
3.090059314707384708e+00
3.249806395036169970e+00
3.471693875551954633e+00
3.762320912011662521e+00
4.096535288435664945e+00
4.430795077406278537e+00
4.731365748581215058e+00
4.998417353287984533e+00
5.267728911320531893e+00
5.586243281515177905e+00
5.976543497801535487e+00
6.414728033420827202e+00
6.838465790306174519e+00
7.181744523163668958e+00
7.414016338771249437e+00
7.557647250593596766e+00
7.671905086307112320e+00
7.814317095511267297e+00
8.005244647385913126e+00
8.218530657573214881e+00
8.402547516304720077e+00
8.515322488536497758e+00
8.549134551316749153e+00
8.529210916326050551e+00
8.490373646485851467e+00
8.450468140659207705e+00
8.399811879902577161e+00
8.312549087163780825e+00
8.169383119499933343e+00
7.973827759267463122e+00
7.750467394863616022e+00
7.527941978531048406e+00
7.320325289678411451e+00
7.120435684439499369e+00
6.908512956779507164e+00
6.668092939395502405e+00
6.396661404705545451e+00
6.104231984989253235e+00
5.803098134668394970e+00
5.498376916189614327e+00
5.187005010492985235e+00
4.864969034989471197e+00
4.535675221055370798e+00
4.212020679826304459e+00
3.910667525689448532e+00
3.643787106180811364e+00
3.415307209661215815e+00
3.224177462174989017e+00
3.070556634116797134e+00
2.958065034723149633e+00
2.888886708604937237e+00
2.855478444227908419e+00
2.836815110201922341e+00
2.804498728199279256e+00
2.736364809414442156e+00
2.628589978959278373e+00
2.497387361705560860e+00
2.368581623691964122e+00
2.262297787044960096e+00
2.183662994896401699e+00
2.125774590574090794e+00
2.081709167558974727e+00
2.055386543487614404e+00
2.062117889500859391e+00
2.117900217997159995e+00
2.225561253030756248e+00
2.368668855675378548e+00
2.518525177933023773e+00
2.649906101792088631e+00
2.754864574127843468e+00
2.845546287713204059e+00
2.944994270586577034e+00
3.073016173895284364e+00
3.236403165095008028e+00
3.428151752555055332e+00
3.633276351749921584e+00
3.835186446902312696e+00
4.018826780635563090e+00
4.171940708471737480e+00
4.288504594190411190e+00
4.375629436425968244e+00
4.459372018700716644e+00
4.581777214811113552e+00
4.785308443099001607e+00
5.090067930241950478e+00
5.477035540700734728e+00
5.889983787811688742e+00
6.258480555367449405e+00
6.530693220770761087e+00
6.697210371879298130e+00
6.791753320677793582e+00
6.868937580496229600e+00
6.973579550800562465e+00
7.120562310667645001e+00
7.296012192829676835e+00
7.475601652172414902e+00
7.644854658766290001e+00
7.806804052869992461e+00
7.973124481423212728e+00
8.147458663892916064e+00
8.314780727505951319e+00
8.445093181464569554e+00
8.508445757939201215e+00
8.490065647497930357e+00
