0.000000000000000000e+00
0.000000000000000000e+00
0.000000000000000000e+00
0.000000000000000000e+00
0.000000000000000000e+00
0.000000000000000000e+00
0.000000000000000000e+00
0.000000000000000000e+00
0.000000000000000000e+00
0.000000000000000000e+00
0.000000000000000000e+00
0.000000000000000000e+00
0.000000000000000000e+00
0.000000000000000000e+00
0.000000000000000000e+00
0.000000000000000000e+00
0.000000000000000000e+00
0.000000000000000000e+00
0.000000000000000000e+00
0.000000000000000000e+00
0.000000000000000000e+00
0.000000000000000000e+00
0.000000000000000000e+00
0.000000000000000000e+00
0.000000000000000000e+00
0.000000000000000000e+00
0.000000000000000000e+00
0.000000000000000000e+00
5.130028713359644697e-20
2.267358803537073085e-18
5.057685977348642920e-17
7.588746118592410255e-16
8.612834220699721201e-15
7.883686937347071858e-14
6.059971745700960277e-13
4.021862051709039118e-12
2.351675765014550049e-11
1.230224977746020070e-10
5.827294436512091384e-10
2.523552482429294134e-09
1.007039621817035300e-08
3.727488516588661268e-08
1.286818548406738873e-07
4.162812523102576416e-07
1.266987533624532946e-06
3.640684355743261494e-06
9.906716866437614846e-06
2.559504871284091508e-05
6.293065178113070384e-05
1.475454675076666780e-04
3.304584079121612424e-04
7.081259660231467709e-04
1.453780392871302550e-03
2.862851213851352015e-03
5.413281078124436430e-03
9.837261441975936674e-03
1.719395750470704282e-02
2.892370952785086602e-02
4.685501168714031189e-02
7.313005417134739450e-02
1.100178731332387555e-01
1.596011642216907944e-01
2.233559340830988948e-01
3.016891671468135971e-01
3.935476184001061584e-01
4.962423570702963471e-01
6.056272626823715477e-01
7.167088875106127910e-01
8.246489339443390243e-01
9.259716248487076529e-01
1.019653352739861019e+00
1.107711615388400794e+00
1.194976261433676745e+00
1.287934547992858114e+00
1.392851941300856211e+00
1.513684650357534967e+00
1.650487684376583886e+00
1.798972520431587174e+00
1.951545543385549308e+00
2.099639118308279429e+00
2.236613492041485962e+00
2.360186470958738347e+00
2.473413798400913244e+00
2.583726349888378238e+00
2.700274974230414404e+00
2.830541669846865727e+00
2.977527237985643005e+00
3.138631505048226078e+00
3.306652356024182726e+00
3.472434307868479397e+00
3.628005461607596960e+00
3.768885686832710746e+00
3.894709025681210246e+00
4.008150812490764991e+00
4.112951732281942441e+00
4.212172754362170757e+00
4.307528517580972327e+00
4.399912598469533975e+00
4.490483081123421094e+00
4.581367833798061895e+00
4.675365939555808481e+00
4.774770471670717775e+00
4.880139720490208610e+00
4.990020755349274140e+00
5.102109045473076421e+00
5.215382659689351108e+00
5.331960715686497210e+00
5.457348886416539813e+00
5.598503955941656507e+00
5.760397370237114956e+00
5.942761949583603709e+00
6.138822080286695737e+00
6.336881451539900567e+00
6.524146305396415713e+00
6.690948104581460498e+00
6.833324878672488722e+00
6.952870537609917356e+00
7.054312342035157002e+00
7.142494533587477434e+00
7.220591339556914789e+00
7.290374009611997330e+00
7.353873529828985234e+00
7.414794178411554526e+00
7.478212385190284195e+00
7.548346240920780659e+00
7.625681817573523702e+00
7.705464871322858400e+00
7.778955683965391721e+00
7.837212709229589791e+00
7.875528169566438308e+00
7.896056068197787603e+00
7.907077611204827328e+00
7.919225611780439600e+00
7.940694216867452582e+00
7.973953184272609462e+00
8.015501100393446876e+00
8.058398427149537468e+00
8.095864988913266558e+00
8.123964042807889641e+00
8.142342689634309849e+00
8.153371704540983700e+00
8.160835520231199069e+00
8.169085821906973521e+00
8.182647351834271277e+00
8.205538163093903492e+00
8.239738738979250243e+00
8.283243935383586276e+00
8.329120779280703601e+00
8.366996904213424457e+00
8.387109247476637108e+00
8.385175053045383464e+00
8.365257083709444430e+00
8.338499284103146891e+00
8.317953179737465064e+00
8.312303896050067920e+00
8.322349445518053557e+00
8.342650786230477067e+00
8.367544445291299482e+00
8.397711201010642057e+00
8.442791003237426040e+00
8.517810751506472045e+00
8.635155001944882613e+00
8.796919242707215147e+00
8.992597331144422057e+00
9.203906887307859108e+00
9.414057748374853318e+00
9.615826216194482967e+00
9.813410455320436654e+00
1.001692643320638254e+01
1.023310753218948754e+01
1.045824822241220353e+01
1.067805017513281030e+01
1.087466426665976016e+01
1.103669187623538228e+01
1.116611121770207227e+01
1.127810178195660562e+01
1.139413480014045810e+01
1.153258003639366436e+01
1.170203645389796243e+01
1.190027424165179326e+01
1.211790409813373337e+01
1.234330048654007861e+01
1.256548584425019577e+01
1.277414377178592453e+01
1.295859472485515873e+01
1.310837207837476370e+01
1.321644421399752467e+01
1.328347476830136387e+01
1.331994898388405524e+01
1.334384292778978143e+01
1.337426852434354529e+01
1.342423031116661036e+01
1.349632344373912218e+01
1.358338362732405358e+01
1.367307653956462410e+01
1.375331656771486877e+01
1.381559873285269546e+01
1.385543327139381553e+01
1.387131664576977208e+01
1.386429961554928347e+01
1.383885781926524139e+01
1.380373163033995176e+01
1.377058557902287106e+01
1.374968221789427325e+01
1.374438995676222319e+01
1.374813242915900524e+01
1.374662103057338136e+01
1.372502515107784049e+01
1.367621333716583543e+01
1.360495942696016414e+01
1.352523454764607003e+01
1.345212209320689745e+01
1.339351493492281620e+01
1.334697476006552108e+01
1.330365232810848042e+01
1.325632493094436981e+01
1.320579574737488038e+01
1.316114182398789545e+01
1.313374244593454421e+01
1.312949421325972033e+01
1.314488959128505208e+01
1.316976656701851844e+01
1.319461187936573943e+01
1.321693570136755902e+01
1.324193614028409982e+01
1.327695712490250024e+01
1.332395296060055045e+01
1.337577230408172468e+01
1.341929090098156152e+01
1.344325576658295951e+01
1.344501180165856447e+01
1.343093270395627492e+01
1.341005128530193069e+01
1.338569143678989803e+01
1.335181407874807746e+01
1.329763347154616326e+01
1.321789747409829907e+01
1.312149370942741733e+01
1.303138785719830217e+01
1.297444443958652194e+01
1.296676160884152651e+01
1.300379744672827620e+01
1.306201106202701112e+01
1.311148035904606957e+01
1.313181803547452731e+01
1.312154797146205176e+01
1.309543511124876858e+01
1.307216805139260885e+01
1.306093782534272307e+01
1.305575895306867018e+01
1.304079535320857453e+01
1.300242760966667177e+01
1.293946531074601580e+01
1.286455382994978258e+01
1.279606879767396066e+01
1.274620453168333789e+01
1.271323075530447078e+01
1.268274738369136223e+01
1.263666722287991995e+01
1.256386039682683986e+01
1.246593269380502988e+01
1.235533055747887943e+01
1.224794315371964792e+01
1.215520663364614506e+01
1.207992897802687793e+01
1.201686380823582923e+01
1.195613120985073508e+01
1.188686312223024011e+01
1.179982194704542664e+01
1.168942859016687308e+01
1.155591332487712819e+01
1.140701909766321798e+01
1.125735410019498239e+01
1.112387786798512401e+01
1.101843652227266368e+01
1.094108306906790240e+01
1.087867380777961479e+01
1.081069947749182347e+01
1.071975256874884508e+01
1.060055746695297607e+01
1.046184023403450780e+01
1.031969454134339159e+01
1.018674444910949184e+01
1.006437111487296576e+01
9.943267426882357540e+00
9.811777646500356553e+00
9.665860138460125484e+00
9.513149632221225005e+00
9.367680295765481446e+00
9.238659545318459010e+00
9.121425617301616384e+00
8.997808155743879155e+00
8.846855715449942537e+00
8.659454563422579909e+00
8.446956159690428123e+00
8.237195311771216666e+00
8.059328223308575900e+00
7.926480676582766449e+00
7.827141207674833012e+00
7.731070635686631221e+00
7.606452558763879601e+00
7.437921235527681141e+00
7.234566729432098775e+00
7.023350381574813284e+00
6.832439507753089281e+00
6.674975129712588107e+00
6.543024810461968599e+00
6.414685590729376052e+00
6.269029922762856977e+00
6.099100947607655421e+00
5.915062472118364667e+00
5.736308877948768092e+00
5.578322065522646866e+00
5.442924380111176852e+00
5.317814446868698752e+00
5.185030269738064135e+00
5.032432204716522861e+00
4.860855294321765996e+00
4.682821511489694721e+00
4.514231453471722944e+00
4.364651293399353094e+00
4.232192483114469717e+00
4.105648622512411805e+00
3.971892854291676489e+00
3.823537284801965530e+00
3.662200945297119592e+00
3.495894881916587593e+00
3.332799418937045122e+00
3.175702001942203978e+00
3.020518797572004477e+00
2.859422549754324194e+00
2.686130800345448044e+00
2.499737675545247839e+00
2.304697728191556827e+00
2.107245516431937027e+00
1.910861499120534379e+00
1.713899594333185394e+00
1.510934360241993346e+00
1.296856142359819941e+00
1.070918406473659212e+00
8.379988679262921902e-01
6.062048688656882511e-01
3.823826258445506276e-01
1.684719862107948440e-01
-3.892844020631258672e-02
-2.455726647149172326e-01
-4.552368709252234691e-01
-6.670283019035010419e-01
-8.761994882699237763e-01
-1.077932023694172514e+00
-1.271474948678288364e+00
-1.461688723322560390e+00
-1.656727251524232392e+00
-1.863197413398408386e+00
-2.081923539178685889e+00
-2.307177970622054541e+00
-2.530036969965005600e+00
-2.743805671475811447e+00
-2.948024805644086310e+00
-3.148407105995741251e+00
-3.352653327876754741e+00
-3.564797382578154927e+00
-3.781771127468182669e+00
-3.994560885651813109e+00
-4.193458517835409793e+00
-4.374288783344848497e+00
-4.541767252554057777e+00
-4.707773689273182072e+00
-4.885328829590594779e+00
-5.081630851041920138e+00
-5.294119104017571686e+00
-5.511842938014000381e+00
-5.721421335262030894e+00
-5.914306821785585200e+00
-6.091360083311522899e+00
-6.262269631996107755e+00
-6.440235982664882286e+00
-6.634967385065568379e+00
-6.847942742967433993e+00
-7.072571987829103790e+00
-7.299045075556216844e+00
-7.520895634443121480e+00
-7.739217996321086979e+00
-7.961779678398158033e+00
-8.197317005071059981e+00
-8.448356218501750448e+00
-8.707094008666121709e+00
-8.957319112746835899e+00
-9.181812499515856985e+00
-9.371197661469711448e+00
-9.529021139538393470e+00
-9.669848626619778287e+00
-9.811300244090084277e+00
-9.964700392561436360e+00
-1.012995293573804290e+01
-1.029764567542837916e+01
-1.045680936973761810e+01
-1.060315105830577842e+01
-1.074235405424188272e+01
-1.088639726216244696e+01
-1.104557841704698795e+01
-1.122182345032427264e+01
-1.140791558684828111e+01
-1.159309886578637716e+01
-1.177098602849645914e+01
-1.194401458751426226e+01
-1.212109236500297271e+01
-1.230993352948677710e+01
-1.250950592706485587e+01
-1.270818448167021231e+01
-1.288942611334553590e+01
-1.304162768935296235e+01
-1.316587381494840336e+01
-1.327657967821635410e+01
-1.339467265046218714e+01
-1.353771525060855652e+01
-1.371301830783658104e+01
-1.391735330215234079e+01
-1.414225388520435445e+01
-1.438043171798287290e+01
-1.462884331080908673e+01
-1.488711813137359741e+01
-1.515379841231968783e+01
-1.542429505707873716e+01
-1.569266714739440083e+01
-1.595586583458997509e+01
-1.621677991447768363e+01
-1.648314084461909346e+01
-1.676253917506610591e+01
-1.705695741646713159e+01
-1.736082996470944551e+01
-1.766416625913933558e+01
-1.795858829314625638e+01
-1.824206236117534985e+01
-1.851922509368095149e+01
-1.879760729924188922e+01
-1.908305724887665988e+01
-1.937790505620138148e+01
-1.968275120512259235e+01
-1.999942025784039146e+01
-2.033142228954729802e+01
-2.068035590204064889e+01
-2.104051019361280339e+01
-2.139633794392564425e+01
-2.172622318687789544e+01
-2.201159659097000798e+01
-2.224610235048307416e+01
-2.243864298010950264e+01
-2.260778868663273045e+01
-2.277088993647079107e+01
-2.293506996160708056e+01
-2.309611669418999469e+01
-2.324572049126519246e+01
-2.338142272895922957e+01
-2.351152913103041442e+01
-2.365082830823002169e+01
-2.380980611939215663e+01
-2.398519957352343113e+01
-2.415928461850858611e+01
-2.430932227677487845e+01
-2.442125171316403609e+01
-2.449832851757831520e+01
-2.455857621074328634e+01
-2.462258087685510333e+01
-2.469994494150546060e+01
-2.478376855791638533e+01
-2.485700555777784260e+01
-2.490627844179283912e+01
-2.493353876290390403e+01
-2.495747144813974572e+01
-2.500365874111142972e+01
-2.509019573613183596e+01
-2.521831799038811539e+01
-2.537378650554649440e+01
-2.553716112723030562e+01
-2.569517402416890306e+01
-2.584531540208553224e+01
-2.599130193962185231e+01
-2.613408568359464823e+01
-2.626632307179614756e+01
-2.637542618348653178e+01
-2.645358701908767429e+01
-2.650747991863433839e+01
-2.655990516103696564e+01
-2.664084164203978844e+01
-2.677259104457911931e+01
-2.695787928026076230e+01
-2.717806369062412131e+01
-2.740223297165804439e+01
-2.760136817404738707e+01
-2.775923319557558600e+01
-2.787464483737032594e+01
-2.795581810264590317e+01
-2.801228662780514966e+01
-2.805035750135125028e+01
-2.807433133395247182e+01
-2.809086802913278902e+01
-2.811151403644333158e+01
-2.815008711428764343e+01
-2.821587502000411618e+01
-2.830718277437813057e+01
-2.841002484984638343e+01
-2.850353826013960301e+01
-2.856929208061312409e+01
-2.859913177611971946e+01
-2.859717104881315564e+01
-2.857524226610038198e+01
-2.854500604788657725e+01
-2.851153643725706388e+01
-2.847175476690961915e+01
-2.841782026467197397e+01
-2.834273380554276400e+01
-2.824464663990311664e+01
-2.812780588822570493e+01
-2.800043074172102919e+01
-2.787146144182174012e+01
-2.774818153535866827e+01
-2.763550164976607348e+01
-2.753629811169481556e+01
-2.745161812989184824e+01
-2.738004963379004408e+01
-2.731657968233500355e+01
-2.725200543356434224e+01
-2.717389280203924784e+01
-2.706927751763046786e+01
-2.692831170917814276e+01
-2.674747788696795681e+01
-2.653111869934185307e+01
-2.629073884732158106e+01
-2.604241412337914241e+01
-2.580325798253143432e+01
-2.558801424649201195e+01
-2.540651636666373037e+01
-2.526225032589740138e+01
-2.515190255923239349e+01
-2.506574774442082187e+01
-2.498895435652418229e+01
-2.490405444813105618e+01
-2.479461541345592224e+01
-2.464949557882751563e+01
-2.446629279782921174e+01
-2.425230376133423960e+01
-2.402197248541514440e+01
-2.379134443973348567e+01
-2.357171877402500471e+01
-2.336545784945823456e+01
-2.316609075890793434e+01
-2.296267955443562414e+01
-2.274607244412606022e+01
-2.251358720565811211e+01
-2.226962151503677489e+01
-2.202218443270661297e+01
-2.177785004858986895e+01
-2.153852762761368567e+01
-2.130210252726070053e+01
-2.106628258254712449e+01
-2.083269679647575146e+01
-2.060800727096371432e+01
-2.040076230302290838e+01
-2.021566356973465162e+01
-2.004887565378416880e+01
-1.988763153500309144e+01
-1.971487733017624322e+01
-1.951665402203088462e+01
-1.928826799996870989e+01
-1.903604903669838677e+01
-1.877407190874531651e+01
-1.851794926542769559e+01
-1.827904729605914724e+01
-1.806167606296252970e+01
-1.786374145617991260e+01
-1.767947164998004794e+01
-1.750224259117482362e+01
-1.732628467235382885e+01
-1.714730266114512247e+01
-1.696276094840104776e+01
-1.677235545785153192e+01
-1.657842378268693651e+01
-1.638555366254113110e+01
-1.619895600757633503e+01
-1.602207414955384124e+01
-1.585466553075469243e+01
-1.569254052745754890e+01
-1.552921696778069460e+01
-1.535857211295044422e+01
-1.517698776327952892e+01
-1.498391177226159243e+01
-1.478088351985337212e+01
-1.457006768638189698e+01
-1.435348989154298316e+01
-1.413338696606865952e+01
-1.391299182271897195e+01
-1.369653353297238318e+01
-1.348772062024083063e+01
-1.328720573455413323e+01
-1.309063356689173752e+01
-1.288899073887616353e+01
-1.267186403487353452e+01
-1.243245593497711710e+01
-1.217187766861890452e+01
-1.190023387352457718e+01
-1.163346777742213334e+01
-1.138711427679159449e+01
-1.116980867141944422e+01
-1.097965020520259749e+01
-1.080514770160153049e+01
-1.063020807367261966e+01
-1.044068694024935695e+01
-1.022942554629738865e+01
-9.997704372988939880e+00
-9.753015988298054495e+00
-9.504862099179391066e+00
-9.260946313288741294e+00
-9.025420759450241803e+00
-8.799334289313522461e+00
-8.582130376603895883e+00
-8.372734521490238890e+00
-8.169521739749280087e+00
-7.969615357156314417e+00
-7.768648265612874582e+00
-7.561815552191026413e+00
-7.345999630178133621e+00
-7.121751657787423362e+00
-6.893738927266138461e+00
-6.669097531686412950e+00
-6.454411168669889065e+00
-6.252884154837351716e+00
-6.063115917702123880e+00
-5.879869615985910514e+00
-5.696110280656228930e+00
-5.505136153404500021e+00
-5.302042955126825774e+00
-5.084551963834286425e+00
-4.853644064932708169e+00
-4.614108777346288548e+00
-4.374402596731541415e+00
-4.144923712530980353e+00
-3.934498234181740273e+00
-3.746258964701569383e+00
-3.575158897056961216e+00
-3.409071798350022497e+00
-3.233631439045874245e+00
-3.038651881971286883e+00
-2.822725085278264157e+00
-2.593426012301469186e+00
-2.363101151879309025e+00
-2.142854319845122646e+00
-1.938288735440589328e+00
-1.749154691289634300e+00
-1.572281469385857555e+00
-1.405020373470687423e+00
-1.246428684561597722e+00
-1.095526176771229876e+00
-9.485218417872987029e-01
-7.979316062699058909e-01
-6.351338970369782011e-01
-4.551289077966187424e-01
-2.602128516541479808e-01
-5.962248669426162273e-02
1.351514116322388714e-01
3.166098366910211626e-01
4.850584538589682859e-01
6.476021578526871547e-01
8.132555482420280590e-01
9.877200413918342248e-01
1.171368915433449009e+00
1.361378998047724220e+00
1.555742802362151789e+00
1.755545276173704039e+00
1.963442466431462918e+00
2.179541266866884541e+00
2.398290365515786782e+00
2.609577626421105023e+00
2.804150266046545603e+00
2.979981739018554343e+00
3.144989570275106949e+00
3.313648295375092978e+00
3.499149162451813400e+00
3.705928553123540414e+00
3.927318285856694402e+00
4.149759039103209979e+00
4.360767399750193896e+00
4.555591733245777597e+00
4.738684626730854887e+00
4.919748332756101128e+00
5.107536640546783246e+00
5.305533407331410878e+00
5.511738901886442221e+00
5.721760668807345240e+00
5.932494954665773257e+00
6.144018971581755473e+00
6.359174420594323252e+00
6.581960560554684925e+00
6.816043485687991677e+00
7.063685683501077506e+00
7.324547866465080936e+00
7.594171902779907057e+00
7.863207078837983310e+00
8.119116380095787733e+00
8.350951254921918476e+00
8.555182384385100036e+00
8.738561432159711373e+00
8.914741357945709765e+00
9.095211662576209832e+00
9.279696021453132104e+00
9.452947178197270262e+00
9.591749822828392169e+00
9.679268344768882315e+00
9.718040157483221364e+00
9.732416189396703388e+00
9.757270843261531823e+00
9.818864348716166646e+00
9.919715041693907054e+00
1.003767164308462334e+01
1.014055155193301871e+01
1.020734130224679070e+01
1.024214090961917378e+01
1.027140731985110733e+01
1.032601197592392772e+01
1.041988025894849379e+01
1.053948017185025243e+01
1.065130979749159401e+01
1.072253116480799484e+01
1.074115297073815789e+01
1.072260759542505859e+01
1.069881675023221668e+01
1.069750104915392797e+01
1.072563883724833289e+01
1.076764554827628118e+01
1.079862514101573190e+01
1.080310495113729274e+01
1.078664146372075017e+01
1.077317223552365988e+01
1.079074021582375309e+01
1.085542566575667855e+01
1.096346546869827066e+01
1.109527722042179398e+01
1.122732534318279463e+01
1.134377286734746626e+01
1.144165582643036494e+01
1.152863531178066836e+01
1.161692290030194386e+01
1.171782722835279245e+01
1.183894696310472661e+01
1.198319130912223329e+01
1.214811649434011898e+01
1.232564036195183732e+01
1.250383827172840334e+01
1.267194699126731194e+01
1.282684429960395356e+01
1.297659911493222218e+01
1.313714060850754706e+01
1.332233043982016696e+01
1.353305333857329806e+01
1.375309992510625712e+01
1.395614245761412242e+01
1.412069414220523811e+01
1.424368564977467599e+01
1.434308828604116393e+01
1.444673875405651131e+01
1.457394134536524177e+01
1.472192640811467257e+01
1.486658371284353564e+01
1.497748324050555446e+01
1.503740403731207564e+01
1.505331688749221186e+01
1.505147873828353156e+01
1.506012984041651492e+01
1.509168633404101989e+01
1.513641696028849104e+01
1.517139327640699697e+01
1.517788581752748556e+01
1.515484520469630070e+01
1.511940064730040056e+01
1.509480651858141087e+01
1.509500936343649435e+01
1.511681026805584693e+01
1.514448749697283958e+01
1.516248854088442322e+01
1.516624686913738529e+01
1.516319345356584236e+01
1.516378875304395990e+01
1.516993238035540870e+01
1.516985953625338190e+01
1.514354117738305305e+01
1.507470827066016383e+01
1.496087059594644053e+01
1.481446923552622152e+01
1.465498259709171691e+01
1.449822095477880168e+01
1.435046513407452018e+01
1.421077049563119132e+01
1.407826757613139712e+01
1.395769313073014395e+01
1.385828437544907921e+01
1.378684428318845967e+01
1.374067579459265254e+01
1.370638712608645093e+01
1.366614226052671910e+01
1.360727365433607439e+01
1.352864016933141045e+01
1.343954424972699790e+01
1.335243096750975411e+01
1.327482296719683319e+01
1.320593549774215525e+01
1.313947474601221899e+01
1.306951693768735367e+01
1.299463152766347918e+01
1.291759033134493073e+01
1.284197417945747866e+01
1.276934612108530942e+01
1.269955637271755045e+01
1.263335636929085304e+01
1.257396226489585978e+01
1.252491242034965424e+01
1.248506448830542936e+01
1.244487568753192974e+01
1.238812338311843142e+01
1.229946063486364238e+01
1.217339930112781055e+01
1.201839900460648281e+01
1.185265165173651347e+01
1.169405970184624977e+01
1.155138677924099078e+01
1.142295008397971756e+01
1.130361743843857347e+01
1.119431999674109512e+01
1.110589180085727712e+01
1.105301004950740307e+01
1.104173028497973519e+01
1.105986072309898205e+01
1.107855761375567916e+01
1.106612020976487365e+01
1.100605044026853463e+01
1.090752149427916251e+01
1.080068206463076841e+01
1.071909799434555843e+01
1.068033371918771302e+01
1.067704578563981421e+01
1.068390511690301992e+01
1.067503037429398205e+01
1.063980048737473538e+01
1.058661792079023911e+01
1.053307444933772530e+01
1.049063255904515479e+01
1.045551941348245073e+01
1.041260177399980691e+01
1.034923913432967524e+01
1.026858097740446674e+01
1.019189113904190158e+01
1.014716058355302053e+01
1.015106007295569590e+01
1.019629044131378137e+01
1.025312050387134377e+01
1.028463762039534402e+01
1.026631247648363932e+01
1.019785028794350623e+01
1.010051305421129442e+01
1.000244038052979079e+01
9.921730879427427041e+00
9.857670281146312163e+00
9.794575290271376744e+00
9.714520042849175141e+00
9.610076918920057665e+00
9.489058485286417266e+00
9.368971094404692224e+00
9.265455311700607766e+00
9.182300569145516178e+00
9.109045457756430153e+00
9.027197758977756337e+00
8.921015707076158208e+00
8.786490866971689684e+00
8.633609071260620382e+00
8.480934810732236429e+00
8.345715426131096848e+00
8.234910142363073504e+00
8.141880994620846579e+00
8.050431072544290245e+00
7.943993293805926115e+00
7.814973604690077735e+00
7.669003556917477482e+00
7.521470735107461891e+00
7.388003593512837419e+00
7.274309703575477570e+00
7.171620890724710762e+00
7.061097379945565855e+00
6.925219215629399017e+00
6.759530888890472156e+00
6.577192880101653927e+00
6.402666292409477933e+00
6.257514995314409134e+00
6.146681823301269887e+00
6.054038373958061214e+00
5.950797998549690604e+00
5.812464217294687430e+00
5.634305345226243489e+00
5.435698257972624958e+00
5.250148405114845040e+00
5.106500856499814667e+00
5.012371290472345642e+00
4.949624891676944749e+00
4.884509430747423053e+00
4.786296856235543906e+00
4.643417429128467333e+00
4.467975063459874718e+00
4.286821533312143551e+00
4.125373387335081077e+00
3.994178076651298870e+00
3.885797110332052995e+00
3.782752856666855124e+00
3.670523866643511823e+00
3.546985502127065981e+00
3.422572240664561782e+00
3.311667258528284918e+00
3.221291693424586988e+00
3.144703510242442768e+00
3.064266464023773118e+00
2.962052220578335060e+00
2.831717224078716733e+00
2.684189123380781972e+00
2.543197551188873362e+00
2.432660425666012483e+00
2.362921915861069699e+00
2.323885288815972228e+00
2.289442907464252386e+00
2.231213082179993368e+00
2.134073122680401280e+00
2.004626062294558864e+00
1.867563985169642837e+00
1.751859019645071402e+00
1.674764270612995709e+00
1.633009037874290081e+00
1.606273201831285524e+00
1.570502422620172478e+00
1.512531301615688495e+00
1.436760721644454009e+00
1.359895969082929090e+00
1.297678858203191510e+00
1.252920500065013210e+00
1.213273017046144542e+00
1.160494433503908240e+00
1.084890245989969637e+00
9.947015385374051721e-01
9.133130156608529893e-01
8.653598109233777702e-01
8.605922609234020193e-01
8.863087606203027269e-01
9.137777651187541927e-01
9.148737969527176439e-01
8.783697548056446092e-01
8.155867812405332984e-01
7.522149308696328696e-01
7.121974761828597789e-01
7.044401852413639809e-01
7.205881770289594979e-01
7.441885839885612475e-01
7.638754581985814918e-01
7.810512417276069819e-01
8.071207707269942855e-01
8.531099900002033776e-01
9.198308130509861291e-01
9.959781151551647671e-01
1.065506027327927097e+00
1.118875577628832163e+00
1.160136903262025454e+00
1.204974224871465660e+00
1.271263965041041333e+00
1.368676666828348099e+00
1.494012792802271505e+00
1.634566813092714899e+00
1.776320158629042245e+00
1.911091936010252068e+00
2.038453753063465435e+00
2.162496883434694261e+00
2.287011201865688292e+00
2.412905465218659007e+00
2.539077074212031437e+00
2.664900131756834156e+00
2.791524109532562914e+00
2.920779007689204843e+00
3.052983336945461978e+00
3.186039362983501988e+00
3.316942591652113137e+00
3.444427730929865206e+00
3.570165219811909374e+00
3.697018612685286421e+00
3.825553632373628332e+00
3.951932252240855092e+00
4.069660320657010111e+00
4.174636996509882181e+00
4.269907995962135772e+00
4.366053285835722164e+00
4.475959170017102196e+00
4.606920095035990315e+00
4.755395266512491226e+00
4.908306442257513780e+00
5.050345956570192030e+00
5.172540535784789562e+00
5.276434472008487475e+00
5.371420368644201915e+00
5.467626340180947508e+00
5.569733996702364465e+00
5.675980937702175488e+00
5.782347648327796463e+00
5.887883147461289823e+00
5.996431386590134416e+00
6.113185598160034040e+00
6.238982142442884182e+00
6.367436859792285908e+00
6.488068704810264542e+00
6.593841020740542902e+00
6.687706777093774591e+00
6.782858154966119102e+00
6.895595767066771131e+00
7.035061229409787842e+00
7.196599759485543757e+00
7.363311221159979603e+00
7.514919555996399936e+00
7.638274637351237573e+00
7.732937772018831701e+00
7.808845354510798309e+00
7.878340710309416295e+00
7.948193243557316379e+00
8.016509108497308134e+00
8.075593585651743567e+00
8.117847715944048304e+00
8.140402003258797592e+00
8.145943050806019770e+00
8.140295693895033935e+00
8.129308295087476210e+00
8.117235629117331541e+00
8.106913823239221273e+00
8.100453686704847556e+00
8.099217249342860470e+00
8.103152130437274892e+00
8.110658515015970238e+00
8.119867920032657338e+00
8.130742879003328483e+00
8.146195702248386183e+00
8.170794647596425264e+00
8.207511365313541418e+00
8.254838274196371728e+00
8.306741369831748045e+00
8.355931231648174418e+00
8.398278631986242360e+00
8.435060988158305406e+00
8.471213132826626691e+00
8.510858690317864017e+00
8.553665369548266284e+00
8.595060842674318025e+00
8.630302111828545009e+00
8.659174869408484909e+00
8.687375640421457490e+00
8.723165731409862289e+00
8.771786045413696442e+00
8.832220559636505541e+00
8.899297729144313607e+00
8.969856190614324376e+00
9.048094652615896294e+00
9.145320810896949482e+00
9.273366879891828063e+00
9.436005375106530479e+00
9.624786819884352695e+00
9.822929767408377089e+00
1.001506622264825808e+01
1.019613380834673322e+01
1.037307329777345899e+01
1.055817072812255475e+01
1.075906939972895238e+01
1.097294443409522380e+01
1.118909784763789261e+01
1.139769246203197994e+01
1.159753320745382688e+01
1.179652573775541313e+01
1.200424015303687142e+01
1.222240718192393594e+01
1.244109392228809519e+01
1.264405980954747122e+01
1.281954032409188216e+01
1.296812003004826508e+01
1.310122378370380680e+01
1.323090037075891701e+01
1.335858630957402049e+01
1.347186312116413376e+01
1.355251831137978691e+01
1.359058789125201727e+01
1.359405771922182282e+01
1.358655547598106672e+01
1.359395981022194988e+01
1.362906946422076970e+01
1.368510218323729610e+01
1.374247385541110944e+01
1.378366905650802288e+01
1.380524052713715122e+01
1.381838369373564390e+01
1.383827111011951772e+01
1.387076126034996015e+01
1.390683726696882161e+01
1.392893467507394512e+01
1.392401719731147836e+01
1.389305297713825738e+01
1.384944613950762893e+01
1.380771439385827470e+01
1.377145644944473801e+01
1.373033919493196464e+01
1.366884097297224088e+01
1.358019476533966952e+01
1.347462836193613001e+01
1.337508791036477440e+01
1.330313196386686059e+01
1.326532082752994235e+01
1.325026098890616844e+01
1.323850421570731761e+01
1.321776391805442863e+01
1.319185163785729209e+01
1.317652031871639196e+01
1.318543675118716507e+01
1.321714983988277226e+01
1.325331055007721481e+01
1.326994510375781289e+01
1.325367982447619575e+01
1.321097679863027530e+01
1.316357604224002209e+01
1.313355914544388447e+01
1.312903654929452735e+01
1.314075010163366208e+01
1.315152641144636902e+01
1.315091535355783314e+01
1.314372910804577899e+01
1.314613839841655363e+01
1.317255534765964775e+01
1.322341325734495143e+01
1.328304495950992425e+01
1.332908859437924320e+01
1.334628465985669088e+01
1.333462444947802084e+01
1.330649389614988287e+01
1.327583608496808232e+01
1.324792506536233816e+01
1.321707606381330002e+01
1.317294447905650046e+01
1.310950639803236761e+01
1.302946433883660582e+01
1.294136029327392023e+01
1.285301588215865998e+01
1.276769172338993741e+01
1.268635740229162145e+01
1.261341559592207595e+01
1.255948033531200636e+01
1.253684629532407158e+01
1.254969621988768402e+01
1.258657954612610119e+01
1.262234772885254763e+01
1.263017968520510514e+01
1.259635444279463634e+01
1.252738555457831815e+01
1.244390759158218707e+01
1.236517553660341839e+01
1.229518801894536040e+01
1.222065692823106353e+01
1.212252905414037585e+01
1.199264342504972092e+01
1.184295004066577306e+01
1.169982824608610983e+01
1.158686304711516968e+01
1.150807204646133464e+01
1.144363590333513336e+01
1.136154579255729047e+01
1.123748168124421376e+01
1.106965545265290629e+01
1.087914797952370982e+01
1.069644482184907019e+01
1.054397115135140339e+01
1.042611308919768121e+01
1.033184550723618855e+01
1.024586831149536437e+01
1.015895920195923807e+01
1.007043463694618524e+01
9.982751275954875325e+00
9.894429297627388209e+00
9.797966409874982574e+00
9.684380929709986319e+00
9.550013353892015999e+00
9.399293486079617566e+00
9.240811039972809837e+00
9.079998335966987355e+00
8.914901106584315116e+00
8.739092691281253877e+00
8.549680534899806617e+00
8.353632742450514570e+00
8.166411607109642645e+00
8.002838412004921409e+00
7.866621836144783053e+00
7.746746330599206587e+00
7.624196851959323062e+00
7.484673888218811300e+00
7.328041646357404737e+00
7.167247600414702546e+00
7.017129313726671036e+00
6.881227528433141671e+00
6.746598396841775980e+00
6.591076373198704985e+00
6.398436595071661515e+00
6.171021055806218847e+00
5.930935446580701154e+00
5.708755064051477923e+00
5.527123032264160685e+00
5.389716678581479847e+00
5.281885645624456949e+00
5.181177823336099664e+00
5.069874866646311595e+00
4.941589706775142865e+00
4.799305523675118756e+00
4.648516689676275071e+00
4.491724461422994530e+00
4.328072709950647301e+00
4.156988154964332161e+00
3.981499556740291990e+00
3.807792766185270850e+00
3.641323116954930050e+00
3.482993465465632710e+00
3.328801595102748312e+00
3.173220128095255888e+00
3.013263457268013923e+00
2.849659007303425362e+00
2.684246667907149053e+00
2.516286180127035976e+00
2.341558311394570602e+00
2.155776690780657034e+00
1.959774883416686375e+00
1.761706834470561978e+00
1.573278828956895525e+00
1.401713938420436900e+00
1.243062931961982143e+00
1.082278786588933839e+00
9.009379532679784308e-01
6.878772683943390476e-01
4.456258765292764323e-01
1.883223603344408303e-01
-6.717442856738653489e-02
-3.105520048423739965e-01
-5.413882123705727745e-01
-7.650750423012929735e-01
-9.855224877843956621e-01
-1.201003853710202574e+00
-1.406520168450757780e+00
-1.600404740130223047e+00
-1.789146815885709785e+00
-1.985640313349336328e+00
-2.201336481077308616e+00
-2.437904392086936323e+00
-2.684834963132128660e+00
-2.925176505362541590e+00
-3.145505669602298937e+00
-3.343062709743756411e+00
-3.525217813731876149e+00
-3.702346191648439699e+00
-3.880135689817216349e+00
-4.057447906672236648e+00
-4.231055003034715156e+00
-4.402733716652178053e+00
-4.582038456809748084e+00
-4.781433580504441672e+00
-5.006781704907778519e+00
-5.250459962959062921e+00
-5.493084379712633414e+00
-5.713727230305957860e+00
-5.902152679584387940e+00
-6.064820385449562146e+00
-6.220633889350411394e+00
-6.389525372300795425e+00
-6.581706686851147126e+00
-6.794383050809916114e+00
-7.016930344680515574e+00
-7.239513615537919833e+00
-7.458368342802774720e+00
-7.674496388859518348e+00
-7.888239409851415473e+00
-8.095431942560354699e+00
-8.289119922943161356e+00
-8.465743754579014180e+00
-8.630511477006086452e+00
-8.796909592837582892e+00
-8.979794032367422574e+00
-9.186664435758892466e+00
-9.413380519345304620e+00
-9.647355023835705978e+00
-9.875678473403651125e+00
-1.009209341332308263e+01
-1.029798679102985659e+01
-1.049751921517473718e+01
-1.069163289277122963e+01
-1.087626947266537947e+01
-1.104628626577074790e+01
-1.120150512185790959e+01
-1.134927982510978062e+01
-1.150069333498486834e+01
-1.166283569974369172e+01
-1.183318792476074321e+01
-1.200089657169549540e+01
-1.215448002840205888e+01
-1.229037441721196622e+01
-1.241586415056134562e+01
-1.254417996347629938e+01
-1.268562595730821840e+01
-1.284169035364537059e+01
-1.300666047549714577e+01
-1.317515096935519558e+01
-1.334903215457469194e+01
-1.353755604290156889e+01
-1.374995525515877048e+01
-1.398617791172145708e+01
-1.423354905894886890e+01
-1.447304780652456024e+01
-1.469149207168638149e+01
-1.489092614327670638e+01
-1.508797460370247379e+01
-1.530303943899075314e+01
-1.554674494052657607e+01
-1.581325799271275301e+01
-1.608521517004371049e+01
-1.634653301171764994e+01
-1.659366408223948852e+01
-1.683716681003468452e+01
-1.709278230498672713e+01
-1.736903081948854677e+01
-1.766079216964710596e+01
-1.795364858202684744e+01
-1.823556364580771927e+01
-1.850695801690774189e+01
-1.878150611659541269e+01
-1.907694483076912562e+01
-1.940254416756087608e+01
-1.975218437823485473e+01
-2.010769843880467533e+01
-2.044968778145617705e+01
-2.076799476052568849e+01
-2.106491445672914864e+01
-2.134996221267123317e+01
-2.163100645276693612e+01
-2.190843721597022054e+01
-2.217585461276766523e+01
-2.242549578946110600e+01
-2.265350526351181060e+01
-2.286128176321743766e+01
-2.305300358985686060e+01
-2.323249487747887798e+01
-2.340235976012616703e+01
-2.356538509402307469e+01
-2.372558500163789219e+01
-2.388654532329421443e+01
-2.404775827761837093e+01
-2.420253936554279051e+01
-2.434083301474246142e+01
-2.445636551793035096e+01
-2.455316714604703776e+01
-2.464550225039736020e+01
-2.474934663737604623e+01
-2.487017810183657573e+01
-2.499586922878033945e+01
-2.510116034926359418e+01
-2.516245647502011096e+01
-2.517387697725476770e+01
-2.515356857015370196e+01
-2.513526125505370246e+01
-2.515005478848391718e+01
-2.521033632361790566e+01
-2.530635844509708221e+01
-2.541710834287598431e+01
-2.552702903816304314e+01
-2.563626877362449363e+01
-2.575731099182861072e+01
-2.590124243507658619e+01
-2.606479197885239785e+01
-2.622870757603080349e+01
-2.636941948224148291e+01
-2.647569979885613733e+01
-2.655786249649407793e+01
-2.664214876469340254e+01
-2.675361299022863548e+01
-2.689923253236799994e+01
-2.706296235326205846e+01
-2.721609743707337614e+01
-2.733571317453263205e+01
-2.741871090124406507e+01
-2.748258934879051552e+01
-2.755350962173836749e+01
-2.765053257976954271e+01
-2.777637459822543775e+01
-2.791928182499358613e+01
-2.806251053031058618e+01
-2.819349956009178371e+01
-2.830682166650690590e+01
-2.840099679650174735e+01
-2.847405511731450645e+01
-2.852268151655280803e+01
-2.854549671284913259e+01
-2.854663754385219931e+01
-2.853523880985218852e+01
-2.852014744687872394e+01
-2.850386616123354955e+01
-2.848108054267061462e+01
-2.844370433813331900e+01
-2.838885564913127268e+01
-2.832323094663983554e+01
-2.825974130434384790e+01
-2.820840688609321845e+01
-2.816848703219899974e+01
-2.812839292736445884e+01
-2.807403843395704968e+01
-2.799939930120554976e+01
-2.791076427343632815e+01
-2.782068850090790946e+01
-2.773582194753598529e+01
-2.764824019543358347e+01
-2.753804257184357596e+01
-2.738671620488311476e+01
-2.719214542557660153e+01
-2.697390446070150460e+01
-2.676379776226321283e+01
-2.658721536616976167e+01
-2.644795926966483890e+01
-2.632727453870845125e+01
-2.619794531329824139e+01
-2.604353399102904376e+01
-2.586907056611343592e+01
-2.569564256549791637e+01
-2.554302744860503438e+01
-2.541323998828746511e+01
-2.528723001888936750e+01
-2.513739161945943223e+01
-2.494700614451947374e+01
-2.472263870660897567e+01
-2.449052041093712972e+01
-2.427938757276402271e+01
-2.410181903134220960e+01
-2.394699178224164626e+01
-2.378951383011838416e+01
-2.360768637506494372e+01
-2.339827445293079222e+01
-2.317784325899047104e+01
-2.297044491681791811e+01
-2.279077797359918023e+01
-2.263441654648045187e+01
-2.248106176417666546e+01
-2.230752574893017126e+01
-2.210101395318677930e+01
-2.186418883182570383e+01
-2.161011946221778501e+01
-2.135230146827433373e+01
-2.109744116137607151e+01
-2.084541411234364716e+01
-2.059481315927639145e+01
-2.034849773276969742e+01
-2.011426151102379833e+01
-1.990008844581730685e+01
-1.970781499369291012e+01
-1.953010212617451913e+01
-1.935296737812094747e+01
-1.916208804978859703e+01
-1.894876478470388648e+01
-1.871227261433414668e+01
-1.845823679112944404e+01
-1.819520085206555748e+01
-1.793195042884991253e+01
-1.767660731827789888e+01
-1.743668486258671635e+01
-1.721875821027607145e+01
-1.702731630600055723e+01
-1.686356042354271167e+01
-1.672512688266859726e+01
-1.660677956247164744e+01
-1.650109603006244541e+01
-1.639826187371807720e+01
-1.628540230683091039e+01
-1.614719686723195480e+01
-1.596933342626685715e+01
-1.574432191546258508e+01
-1.547668997518732503e+01
-1.518377563628848215e+01
-1.489035480180055337e+01
-1.461916760633904033e+01
-1.438238415203102960e+01
-1.417883921465739405e+01
-1.399832506085851236e+01
-1.382970587492714998e+01
-1.366730360192601346e+01
-1.351157512925753856e+01
-1.336440090049476304e+01
-1.322317513791776733e+01
-1.307851749413821096e+01
-1.291746012408449396e+01
-1.272974141193439301e+01
-1.251257718257159546e+01
-1.227061927023904708e+01
-1.201159151577681428e+01
-1.174131793431976156e+01
-1.146204881727157066e+01
-1.117509657030310777e+01
-1.088517369726371165e+01
-1.060235690428746658e+01
-1.033941723030669380e+01
-1.010589540393190511e+01
-9.902905539938675616e+00
-9.722226962388416993e+00
-9.550198848384637174e+00
-9.373676781141279335e+00
-9.184303754054196745e+00
-8.979166297195984470e+00
-8.758872127287650855e+00
-8.525720249614099799e+00
-8.283713896763810425e+00
-8.039696544729011407e+00
-7.803209309424559592e+00
-7.583426089510885149e+00
-7.384225944070881731e+00
-7.200802563411238921e+00
-7.020967064332676699e+00
-6.831267338989437832e+00
-6.624382136617231964e+00
-6.402867214415271846e+00
-6.176572912020065864e+00
-5.955477343730919415e+00
-5.743032151386894490e+00
-5.534789657173369903e+00
-5.323177772376388894e+00
-5.104663631977916616e+00
-4.883690793126705287e+00
-4.670157189974781353e+00
-4.472096059853340577e+00
-4.288964720420277210e+00
-4.110690787022534209e+00
-3.923511352637564897e+00
-3.718703753267919687e+00
-3.498196388808301194e+00
-3.273287570183827988e+00
-3.057571881571830907e+00
-2.859061579196644054e+00
-2.676628861360030864e+00
-2.502407210352041389e+00
-2.327486479248899620e+00
-2.146373726528896242e+00
-1.957466720783215930e+00
-1.760502126607916384e+00
-1.554449674108151047e+00
-1.338581149597969144e+00
-1.116133404260820194e+00
-8.969566385826942545e-01
-6.954998971479139369e-01
-5.237784612658276107e-01
-3.831970512063546108e-01
-2.609260273865168234e-01
-1.342472892339440227e-01
1.875978309926573662e-02
2.081569291929333820e-01
4.272074189406840361e-01
6.563437258881436032e-01
8.733937756947446340e-01
1.063909740290265304e+00
1.226042074478229438e+00
1.368372252297194169e+00
1.503515599604163588e+00
1.642197740893183822e+00
1.791013080186137696e+00
1.953758032998750505e+00
2.133713404646637724e+00
2.334192271995848778e+00
2.556698261968728847e+00
2.798293383264893297e+00
3.050498733750229619e+00
3.300906178862459406e+00
3.536797709929188294e+00
3.748960024994051565e+00
3.934181863427145043e+00
4.096026484937222989e+00
4.244254878683009657e+00
4.393176850428686997e+00
4.558704140629843415e+00
4.753939509041763323e+00
4.984172742496821407e+00
5.243466363435272726e+00
5.515267794976105087e+00
5.777902954991169793e+00
6.013038938299899883e+00
6.213068688167568965e+00
6.383548826432521750e+00
6.539491677165824690e+00
6.697844469007746326e+00
6.870529816483043284e+00
7.061604756246175008e+00
7.269072082182931105e+00
7.488852519671721275e+00
7.717520929253212536e+00
7.952093076339077804e+00
8.187937670738840268e+00
8.417536384530029281e+00
8.632065518874464161e+00
8.825303653256201031e+00
8.997209648363790890e+00
9.154419259806442000e+00
9.306974959675708092e+00
9.463225642402402826e+00
9.625998331453427426e+00
9.792030878940114036e+00
9.954247611782065519e+00
1.010470746125136010e+01
1.023626590328350794e+01
1.034278549347515863e+01
1.041938765678275836e+01
1.046418631614030126e+01
1.048113124607360191e+01
1.048161076765566158e+01
1.048227138223573363e+01
1.049872755975033378e+01
1.053805274491396737e+01
1.059467126408027227e+01
1.065285626162427235e+01
1.069508444141338543e+01
1.071161373459477950e+01
1.070562092137630117e+01
1.069094814326832221e+01
1.068419992911508842e+01
1.069639913056142611e+01
1.072929316166794678e+01
1.077789165771942592e+01
1.083649154074988807e+01
1.090337218005946163e+01
1.098085383349777544e+01
1.107120060743854140e+01
1.117202303373165506e+01
1.127509666953738865e+01
1.136981587022601126e+01
1.144898139864700681e+01
1.151291278852514743e+01
1.156914562948653113e+01
1.162813203242246729e+01
1.169800520046474013e+01
1.178173891105506144e+01
1.187795825881437572e+01
1.198398877552095243e+01
1.209848582156491581e+01
1.222190247735043656e+01
1.235513707942902961e+01
1.249815072346246758e+01
1.265004839269035486e+01
1.281049597566670251e+01
1.298090962303563245e+01
1.316388984538555640e+01
1.336086452606196140e+01
1.356956987738040254e+01
1.378338195500787222e+01
1.399322075929912224e+01
1.419079914372605522e+01
1.437097443773731698e+01
1.453173475038471452e+01
1.467230090928869402e+01
1.479134888832417971e+01
1.488717614859380589e+01
1.495985850593631028e+01
1.501352028016458462e+01
1.505639959400444639e+01
1.509790457062567626e+01
1.514420659311855211e+01
1.519524783840722115e+01
1.524523584227254425e+01
1.528630263198905759e+01
1.531283244846668090e+01
1.532367062020420967e+01
1.532120164379389493e+01
1.530867904477281627e+01
1.528828078811902280e+01
1.526131618261685041e+01
1.522977459141005241e+01
1.519696215014810647e+01
1.516568452187880389e+01
1.513484606083079420e+01
1.509742938431418935e+01
1.504260468017519869e+01
1.496193883941509206e+01
1.485622613395482361e+01
1.473807904827464910e+01
1.462754926668081268e+01
1.454255846668447028e+01
1.448970547082202742e+01
1.446121855376006771e+01
1.444000886110119630e+01
1.440945012565675043e+01
1.436140482387001249e+01
1.429742176739945769e+01
1.422302297007746041e+01
1.414001228258142895e+01
1.404310574074845341e+01
1.392383315130649635e+01
1.377898201376124021e+01
1.361702992151723990e+01
1.345697719396732239e+01
1.331924065245549471e+01
1.321412458225516140e+01
1.313559781530443082e+01
1.306493023333862347e+01
1.298225043608092122e+01
1.287875238281294266e+01
1.276181894383500293e+01
1.265006606840379710e+01
1.256194515915530374e+01
1.250550316871909828e+01
1.247557532247034473e+01
1.245921383427837092e+01
1.244453562498692811e+01
1.242635015302787238e+01
1.240499385070702054e+01
1.238028509442681013e+01
1.234628041483001937e+01
1.229178832965820867e+01
1.220698327437966668e+01
1.209144928871460856e+01
1.195736685373948482e+01
1.182464698586234952e+01
1.171046968906756547e+01
1.161984162997332071e+01
1.154340934681255249e+01
1.146402431729033289e+01
1.136773646113914182e+01
1.125204962419037003e+01
1.112635813639064253e+01
1.100497309977946081e+01
1.089814273908937636e+01
1.080748018678678157e+01
1.072861771381468365e+01
1.065838046668280903e+01
1.060034955747805974e+01
1.056387274529784825e+01
1.055656440466681367e+01
1.057553471610666662e+01
1.060418542349898452e+01
1.061807201083815144e+01
1.059720231634269361e+01
1.053740501727098611e+01
1.045340957568731177e+01
1.037121664800645604e+01
1.031404514541356576e+01
1.029022084422006955e+01
1.029013545818740383e+01
1.029367163411550301e+01
1.028301069760283859e+01
1.025268517147688385e+01
1.021094330797038197e+01
1.017232253234883821e+01
1.014686600946112094e+01
1.013312135711499273e+01
1.011907407178639318e+01
1.008974184499460769e+01
1.003599576877058652e+01
9.958903520270661502e+00
9.867372802701293466e+00
9.771488438758938244e+00
9.676504746481153774e+00
9.581427469864646440e+00
9.482514406722369671e+00
9.378542009032756255e+00
9.273725299716584658e+00
9.176193373256639418e+00
9.093246177743912639e+00
9.026794914483097898e+00
8.971976157777110217e+00
8.919459348638302032e+00
8.859415631686994530e+00
8.784356757697301177e+00
8.689471600529545370e+00
8.571380479870660096e+00
8.427484882189101967e+00
8.257309612559634360e+00
8.065095343240940906e+00
7.861218480761397842e+00
7.660304640176859081e+00
7.476141807124513150e+00
7.316076113963074334e+00
7.178461968715184938e+00
7.055056179979744435e+00
6.937004682956483315e+00
6.820529353095910352e+00
6.708473601275576570e+00
6.606622585016213023e+00
6.517348576252365966e+00
6.435115877731767853e+00
6.347266209643063206e+00
6.239981614900729667e+00
6.105766951558349476e+00
5.947643633597044399e+00
5.777307727353388600e+00
5.608402383949220749e+00
5.449178688391254965e+00
5.299112142115292023e+00
5.151368690751530366e+00
4.999200367797094202e+00
4.841906955842640414e+00
4.686443521656698863e+00
4.543668489277929545e+00
4.421645408806844202e+00
4.320175415001134667e+00
4.229874431187465866e+00
4.136333673198718586e+00
4.027006079106512537e+00
3.897111824955403314e+00
3.751628989453182683e+00
3.602648809650317752e+00
3.463685619916476277e+00
3.343787069747680363e+00
3.244078774643762486e+00
3.158041871957079305e+00
3.075098218286760332e+00
2.985692374164398366e+00
2.885499198195818682e+00
2.776833555957134880e+00
2.666649431769311462e+00
2.562194391826260631e+00
2.466665917435449273e+00
2.377358161033853001e+00
2.287525699749452635e+00
2.191051550466202258e+00
2.087175801998947922e+00
1.982221341179118745e+00
1.886852825837090020e+00
1.810122905170010288e+00
1.753747783158193130e+00
1.710228590909474322e+00
1.666301290128262558e+00
1.609965338422487902e+00
1.537031823208075743e+00
1.453279437273840458e+00
1.370909276682442002e+00
1.301447581496130379e+00
1.249374402301661746e+00
1.210212749602175730e+00
1.173977932873949026e+00
1.131602391233644367e+00
1.080293639626641156e+00
1.024709003034549815e+00
9.736059896734439167e-01
9.343886427512120285e-01
9.089993357426258136e-01
8.934236139199611682e-01
8.806469939290059168e-01
8.648762345348297575e-01
8.444147660110017384e-01
8.217975167098153788e-01
8.016426941620845570e-01
7.879216238614943357e-01
7.823321969277428067e-01
7.844469286309327938e-01
7.931226830102470204e-01
8.080508277536536665e-01
8.304954968485191991e-01
8.628892371120282512e-01
9.075543579243828818e-01
9.651370285703102514e-01
1.033414048517776518e+00
1.107081690155211628e+00
1.178951733575537730e+00
1.242529495154894192e+00
1.295217728256024436e+00
1.340693872967003042e+00
1.388901074359359722e+00
1.452958355381664957e+00
1.543909751057978674e+00
1.665715684446660294e+00
1.813191508226315474e+00
1.974254196539617867e+00
2.135449128527569407e+00
2.287726432113655228e+00
2.429193387608427290e+00
2.563417981550176972e+00
2.694727739877283312e+00
2.823961915190820182e+00
2.947849393015922193e+00
3.062637900110246836e+00
3.169416416556332550e+00
3.276958150029588790e+00
3.399158993273956320e+00
3.547658641772249322e+00
3.723781158171720840e+00
3.915067789606021531e+00
4.099383757279147389e+00
4.255080643093083204e+00
4.371770365697682514e+00
4.455505654109001235e+00
4.525236894044278202e+00
4.602543713153688820e+00
4.700647562385750433e+00
4.819050409571383753e+00
4.946562693464096938e+00
5.070238047794617842e+00
5.184165700185814352e+00
5.292453877523059624e+00
5.404779674047178517e+00
5.527908431270459388e+00
5.659282462169052508e+00
5.787365533348798330e+00
5.898842371552105668e+00
5.988054147733836707e+00
6.062343428863421479e+00
6.139447674314828518e+00
6.238130392771648047e+00
6.367585975880106552e+00
6.521984613879046933e+00
6.683342318763750178e+00
6.830819891171140412e+00
6.950852309669633300e+00
7.042451097131165128e+00
7.115411470404330530e+00
7.183580403419863813e+00
7.257886787193271516e+00
7.343060926730387905e+00
7.438786179370904250e+00
7.542899030939406835e+00
7.653380430034234294e+00
7.767639148984997632e+00
7.880375868517074167e+00
7.982841082180598846e+00
8.065331277755639405e+00
8.122058601678762813e+00
8.155223079070550440e+00
8.175103791728265179e+00
8.195442870362059651e+00
8.226611903836060335e+00
8.270676605124636538e+00
8.321279696145776228e+00
8.368065068500284198e+00
8.402455471838926826e+00
8.421036872977740728e+00
8.424909139217904297e+00
8.416475064494628455e+00
8.396885674353917750e+00
8.366454459245220576e+00
8.327576300635884721e+00
8.287284059330412234e+00
8.256524908195036261e+00
8.245694685794799028e+00
8.259090234910978268e+00
8.292261528159185602e+00
8.334579775604352037e+00
8.375753874178492708e+00
8.412126135782200365e+00
8.448564666502514697e+00
8.494763832502059131e+00
8.558642973974583512e+00
8.641470152230120050e+00
8.737910845859438780e+00
8.840486288297485729e+00
8.944715951288792155e+00
9.050929880648848069e+00
9.161564924205386262e+00
9.276500127696703402e+00
9.390695267330894325e+00
9.496654197078584048e+00
9.590299624872116624e+00
9.675765421916780795e+00
9.764915750889343826e+00
9.871098549736146310e+00
1.000108753757306879e+01
1.015096029778952058e+01
1.030921954698589182e+01
1.046534275656048862e+01
1.061782204441105648e+01
1.077577692506425144e+01
1.095261127171534987e+01
1.115593610202656016e+01
1.138093388440360165e+01
1.161220428813915895e+01
1.183323237200501765e+01
1.203707154096002441e+01
1.223064542808290689e+01
1.242925582410518892e+01
1.264464397824234787e+01
1.287459818333526584e+01
1.310133311201456152e+01
1.330012227634455435e+01
1.345283729351221957e+01
1.355778154067293784e+01
1.362968125950021125e+01
1.369015965222507525e+01
1.375505886217269591e+01
1.382660521807523324e+01
1.389476819412030473e+01
1.394595160272023016e+01
1.397264791531038419e+01
1.397773682627405201e+01
1.397130956956045722e+01
1.396308525018922353e+01
1.395608946973789877e+01
1.394578526717009126e+01
1.392469099925295772e+01
1.388878354814140259e+01
1.384116220464601987e+01
1.379077338120031548e+01
1.374751759053959965e+01
1.371723421453549463e+01
1.369959226370490235e+01
1.368951893132570419e+01
1.368043436460508921e+01
1.366687657969104919e+01
