0.000000000000000000e+00
0.000000000000000000e+00
0.000000000000000000e+00
0.000000000000000000e+00
0.000000000000000000e+00
0.000000000000000000e+00
0.000000000000000000e+00
0.000000000000000000e+00
0.000000000000000000e+00
0.000000000000000000e+00
0.000000000000000000e+00
0.000000000000000000e+00
0.000000000000000000e+00
0.000000000000000000e+00
0.000000000000000000e+00
0.000000000000000000e+00
0.000000000000000000e+00
0.000000000000000000e+00
0.000000000000000000e+00
0.000000000000000000e+00
0.000000000000000000e+00
0.000000000000000000e+00
1.568210764880708411e-15
5.424617861718185999e-14
9.495803531456889874e-13
1.120821573090793642e-11
1.002873806115324134e-10
7.251100767778142241e-10
4.410167196722701127e-09
2.319277678543826248e-08
1.075898687620527887e-07
4.469611415979080999e-07
1.682523953797836798e-06
5.793311248711197887e-06
1.838585403414956689e-05
5.412120815123553182e-05
1.485453307833334855e-04
3.818362885102046401e-04
9.226702205272919576e-04
2.102558727673877782e-03
4.530638075746997243e-03
9.253035733661790774e-03
1.794642686370593807e-02
3.311060512491654367e-02
5.819240547605044472e-02
9.754245892377973182e-02
1.560937856049597894e-01
2.386779948574841437e-01
3.489772430087423882e-01
4.882475110047122535e-01
6.541120560797093475e-01
8.398524619962148829e-01
1.034639783000483426e+00
1.224984437992784780e+00
1.397330524307627053e+00
1.541256193539522146e+00
1.652333895684329645e+00
1.733561116148973236e+00
1.794552000696951310e+00
1.848389642015894507e+00
1.906974929412034614e+00
1.976493642888777380e+00
2.054849539784888268e+00
2.132340333228329499e+00
2.195591749224868217e+00
2.233292509780242074e+00
2.241278369660109515e+00
2.224571493954710544e+00
2.195223232583861428e+00
2.166764658988800551e+00
2.147819828720942237e+00
2.138039714751677423e+00
2.128523588006316469e+00
2.106677980123167870e+00
2.063108354658047983e+00
1.996926144980289974e+00
1.916551013978634810e+00
1.835450609713575210e+00
1.765068611669530219e+00
1.708869900362471217e+00
1.660940263321869059e+00
1.610077758825029459e+00
1.547164451420692810e+00
1.471643855372098075e+00
1.393379430914308381e+00
1.328865762242448678e+00
1.294157004028093860e+00
1.298908650222387884e+00
1.345283289037186858e+00
1.432441275744380071e+00
1.563725848040785404e+00
1.751710265332217187e+00
2.017296290926511304e+00
2.382511011616698315e+00
2.860456726767768743e+00
3.447661865013316618e+00
4.122726043618470726e+00
4.851508308717905393e+00
5.595505831727203727e+00
6.318808129570718357e+00
6.990825516314692400e+00
7.585534189912426228e+00
8.080702489186439408e+00
8.460439849012635349e+00
8.721387380566357095e+00
8.879004604895254005e+00
8.968552186392201975e+00
9.037222525746770430e+00
9.128698738854849282e+00
9.266380459391509561e+00
9.443397912843257913e+00
9.624872450720083350e+00
9.761966774572332639e+00
9.811423411064495781e+00
9.751811222109632027e+00
9.589826816612655236e+00
9.355235335468467639e+00
9.088234015181882341e+00
8.825445060345437298e+00
8.589699528895597069e+00
8.385747390914804811e+00
8.201340664190565732e+00
8.012184033854865106e+00
7.789652662539211292e+00
7.510426737407980724e+00
7.166198309254331100e+00
6.769882954632200800e+00
6.354201286310561692e+00
5.960763409710358118e+00
5.622641372770017298e+00
5.348237913020367884e+00
5.115538754067656235e+00
4.881665263500889473e+00
4.604527079720484473e+00
4.265827473186353913e+00
3.882606270248305069e+00
3.499942124468246263e+00
3.167815068555036362e+00
2.914499721390710008e+00
2.731429379038039507e+00
2.578319063023180480e+00
2.405828751360195916e+00
2.182943860562990945e+00
1.913586404412677577e+00
1.633331727350308737e+00
1.388647185648286708e+00
1.210912294964077152e+00
1.099937879047744538e+00
1.025655476654307563e+00
9.460123796280051067e-01
8.302360016266233655e-01
6.744252659352640844e-01
5.015979857062597969e-01
3.473586362780547443e-01
2.399366932033585864e-01
1.855464278341512063e-01
1.662669236557461350e-01
1.505719093085419180e-01
1.102251547287148858e-01
3.457895993658863243e-02
-6.477781906004695389e-02
-1.609474103973595194e-01
-2.264112548986378370e-01
-2.479199152190432187e-01
-2.339116590481842561e-01
-2.104074543555568555e-01
-2.071636298562879452e-01
-2.411915963994806511e-01
-3.067235517321952876e-01
-3.777965902606744142e-01
-4.228398084721395334e-01
-4.234618362622564747e-01
-3.863765210799556260e-01
-3.406299287557462696e-01
-3.207858115768500995e-01
-3.456637925119001586e-01
-4.058439015468192634e-01
-4.685139546598247606e-01
-4.975906367954807674e-01
-4.769163102538313548e-01
-4.215336080472881219e-01
-3.690275446775576063e-01
-3.557118872474305804e-01
-3.927789569324911523e-01
-4.582730389191699283e-01
-5.108306555883088684e-01
-5.167354037951108481e-01
-4.725510378839450354e-01
-4.079882600768189316e-01
-3.665706435572337885e-01
-3.766503409226942267e-01
-4.321879678760521815e-01
-4.964971617829544992e-01
-5.267690951651228248e-01
-5.029825893446856488e-01
-4.415702190881689582e-01
-3.843877965989639378e-01
-3.703380099637736400e-01
-4.089414179956413764e-01
-4.739340100923769561e-01
-5.213080535642382607e-01
-5.194388146776882653e-01
-4.706240111983611141e-01
-4.092857237958147376e-01
-3.781798436038367184e-01
-3.990959021018168906e-01
-4.582376624432905610e-01
-5.162212002397340571e-01
-5.355761350554654188e-01
-5.066370119726838483e-01
-4.540383351790636124e-01
-4.196400808799375381e-01
-4.340518875359162254e-01
-4.966383800300600559e-01
-5.777399928303094123e-01
-6.412878539072189854e-01
-6.719494732802175907e-01
-6.881175769568602663e-01
-7.322059546474078973e-01
-8.455666136047569337e-01
-1.045795386404853700e+00
-1.322112397419969998e+00
-1.651591350614196596e+00
-2.024443095649490321e+00
-2.460455582344690306e+00
-3.005080781714903448e+00
-3.707824372166211635e+00
-4.597559940537612633e+00
-5.670960810806790597e+00
-6.900631492520128418e+00
-8.255694531897821875e+00
-9.719240051736960595e+00
-1.128981522170098017e+01
-1.296581987085748722e+01
-1.472397602041755071e+01
-1.650743680963764959e+01
-1.823273830208903945e+01
-1.981228223622277085e+01
-2.117905437002950819e+01
-2.229951535636388726e+01
-2.316921290880498674e+01
-2.379739620431221070e+01
-2.419358534845712327e+01
-2.436624228667334791e+01
-2.433368457553610753e+01
-2.413741211836480360e+01
-2.384516228665390258e+01
-2.353732460510520497e+01
-2.328152695343181833e+01
-2.310862854624428309e+01
-2.300332334658352451e+01
-2.291412766262851619e+01
-2.277635634783564456e+01
-2.253510326928552132e+01
-2.215724143573979532e+01
-2.163013684639667744e+01
-2.095378799104820544e+01
-2.013617767982715989e+01
-1.919689364776397156e+01
-1.817533189447917152e+01
-1.713376198272144890e+01
-1.614706464578191003e+01
-1.527952076778583468e+01
-1.455893334441729259e+01
-1.396257505899420259e+01
-1.342450615882452070e+01
-1.286232855120437790e+01
-1.221055057499286001e+01
-1.144432599208625767e+01
-1.058344476855704741e+01
-9.677936323463731227e+00
-8.786015230522867370e+00
-7.956667293220379911e+00
-7.222856692057856520e+00
-6.602480638009008196e+00
-6.099566069562675885e+00
-5.700977503262429025e+00
-5.371359263028360864e+00
-5.054599004940212303e+00
-4.688395849329549669e+00
-4.229694548735630555e+00
-3.678822910949183900e+00
-3.086908285323593848e+00
-2.538308833263762221e+00
-2.113914226409121966e+00
-1.853419410358652542e+00
-1.736725193206212214e+00
-1.694493502928045459e+00
-1.641605320871731166e+00
-1.514982211561579195e+00
-1.296411809864119302e+00
-1.011487573313661681e+00
-7.100584077133453853e-01
-4.423058114286340659e-01
-2.429782239886249529e-01
-1.272685908689279999e-01
-9.311855435668288383e-02
-1.229329664470915351e-01
-1.831384020599589324e-01
-2.268575184048754745e-01
-2.060988811661617348e-01
-9.300677941511417690e-02
1.002334946518373543e-01
3.176805953555250084e-01
4.803965356503511197e-01
5.250004647027419757e-01
4.397228455326225860e-01
2.756779082084676591e-01
1.238149849426824906e-01
6.840323587383737025e-02
1.429150002964628963e-01
3.136080543026061873e-01
4.998183946393309762e-01
6.182438328649668691e-01
6.251675255563809985e-01
5.336972547496476871e-01
3.997047999425616394e-01
2.887071867260964653e-01
2.446101601816788873e-01
2.759202929781726099e-01
3.614111996927315551e-01
4.657813490245002463e-01
5.538192492511859744e-01
5.981090935748436532e-01
5.830384617130555114e-01
5.096507152306467558e-01
4.007764295560858336e-01
2.997463223858278236e-01
2.561960945212770624e-01
3.010534879747964188e-01
4.238538808341038022e-01
5.693699018458159289e-01
6.616038166422832933e-01
6.455243343985126447e-01
5.224430332882159522e-01
3.551045426481487799e-01
2.355283568049279241e-01
2.324371393715836120e-01
3.498351654425603807e-01
5.231231609723031584e-01
6.563464950802286868e-01
6.782708622783136798e-01
5.830370859330290534e-01
4.311142862633731143e-01
3.114719791888236888e-01
2.896444428521654513e-01
3.734366183786693716e-01
5.148318630550672292e-01
6.431068976458683695e-01
7.061588703685000024e-01
6.954215951520652528e-01
6.434097888302376944e-01
6.008923837274435797e-01
6.107420700840311412e-01
6.927741007598784417e-01
8.431539377086736398e-01
1.042613040088288923e+00
1.265965161543597839e+00
1.489997803191807080e+00
1.701301582279981295e+00
1.904848734434778645e+00
2.129120374263779425e+00
2.420470227994946821e+00
2.823609669186716964e+00
3.355519252386486073e+00
3.988847700023104181e+00
4.659245571351567250e+00
5.297312169153269856e+00
5.868039123528166812e+00
6.391935064174838033e+00
6.930750871018124926e+00
7.543147377785265562e+00
8.237190348138231144e+00
8.951570719545058452e+00
9.580723553830646111e+00
1.003052897355156148e+01
1.027008383132453950e+01
1.034618300609233188e+01
1.035078655094018529e+01
1.036242491621918660e+01
1.039953899072522070e+01
1.041555839798232519e+01
1.033765642978142196e+01
1.012247156432974649e+01
9.791777086670387931e+00
9.425408169939368364e+00
9.117276456920130556e+00
8.923552938462115947e+00
8.835181932077128764e+00
8.789239799171411960e+00
8.708440794228359039e+00
8.542294336741036886e+00
8.286096825674196253e+00
7.971000588576786505e+00
7.636866941251481578e+00
7.307496092672526089e+00
6.982072200088750513e+00
6.643755742906380490e+00
6.276177601734648448e+00
5.876882421241690579e+00
5.461989302416590419e+00
5.062564936944182747e+00
4.715853243534704475e+00
4.453758041640870857e+00
4.290334927323916858e+00
4.211896996676289362e+00
4.175945755386191394e+00
4.124116327158769302e+00
4.007350216316341474e+00
3.811884329192446685e+00
3.569935630371065205e+00
3.345053723689912051e+00
3.197365208907360756e+00
3.148691911310155689e+00
3.170420723927001472e+00
3.203818855308550706e+00
3.200678358749353691e+00
3.156765675812967409e+00
3.113599501601146624e+00
3.125184046717916608e+00
3.211662321606594261e+00
3.333260964351588029e+00
3.405967660054049162e+00
3.352044738724420547e+00
3.153033082940645659e+00
2.868712371454683385e+00
2.606685464726954393e+00
2.460115208255415631e+00
2.453183975756045410e+00
2.529522900896112425e+00
2.590681609113976158e+00
2.558766901491570600e+00
2.422114222625419533e+00
2.235432072975578777e+00
2.077179885168824569e+00
1.995218482928517556e+00
1.977878784507397292e+00
1.968230042070668873e+00
1.908822510098119096e+00
1.783948160944603512e+00
1.629913854924778693e+00
1.507427744737687592e+00
1.456737101876491858e+00
1.467279100323259478e+00
1.482531661066299078e+00
1.436219995444790953e+00
1.295342877790438330e+00
1.082141682880273015e+00
8.620601294188156016e-01
7.067380057651713177e-01
6.554476226254017934e-01
6.969598935113370253e-01
7.795091398338542810e-01
8.398497587088558092e-01
8.336171567909491653e-01
7.518623094523040340e-01
6.187038652794989435e-01
4.751885420269848503e-01
3.593703999249688863e-01
2.916191547746679880e-01
2.698859357357088484e-01
2.750412840398120951e-01
2.828383936449981872e-01
2.767617763487955629e-01
2.554451551168580026e-01
2.304904526095379325e-01
2.155974292065141740e-01
2.137774858759650121e-01
2.120110463342395057e-01
1.889194858588909010e-01
1.319878899032244923e-01
5.243364808540222632e-02
-1.509126879290850765e-02
-3.166547618789303936e-02
1.822024681817584202e-02
1.097053446592295423e-01
1.863235276222839076e-01
1.930075622285451487e-01
1.136758177832884464e-01
-1.266584588537734979e-02
-1.115484856780294687e-01
-1.189545903392864590e-01
-2.449888465635320645e-02
1.180108474764945403e-01
2.223016385099453041e-01
2.247613931805634291e-01
1.268782995773355682e-01
-4.081042831740995525e-03
-7.773813274061154577e-02
-3.868911626719245822e-02
9.883453714346385199e-02
2.628371509869349421e-01
3.732556410852729822e-01
3.950133328298259805e-01
3.583152550992748098e-01
3.336087403753642544e-01
3.805526469614727292e-01
5.079309325138978704e-01
6.723908883605084208e-01
8.150795657289957585e-01
9.077508761696175821e-01
9.736368982186416332e-01
1.067659723545833383e+00
1.231089833788648225e+00
1.455063143162198314e+00
1.681230115922952795e+00
1.840612433784250879e+00
1.903277318220926162e+00
1.902519085420288469e+00
1.914602040377288095e+00
2.006557288785486115e+00
2.187662600094598453e+00
2.398553419372835283e+00
2.546474011922511771e+00
2.563725003045593809e+00
2.450668407767361057e+00
2.275261906488356800e+00
2.130278646273751963e+00
2.076953148333003707e+00
2.111395990991169924e+00
2.173584792764887474e+00
2.190269427533794389e+00
2.122165017575465384e+00
1.985531338428032200e+00
1.837200977789494205e+00
1.736321111929937766e+00
1.709319751402987198e+00
1.739445122418879608e+00
1.784029697320191898e+00
1.804707857167929808e+00
1.789743270801657182e+00
1.755796644784445304e+00
1.731643614027064793e+00
1.737658797269046929e+00
1.775460041972950931e+00
1.833100246288686286e+00
1.899886281252920028e+00
1.979072934286637109e+00
2.089442200901040714e+00
2.255235462202838104e+00
2.491867164023882530e+00
2.797227273448043672e+00
3.154211461824256268e+00
3.542585157816230623e+00
3.952284585359475244e+00
4.389353095331487431e+00
4.870279381405342001e+00
5.407776032784537001e+00
5.996733365671659932e+00
6.609715234297020459e+00
7.206159452076964733e+00
7.751024147807512144e+00
8.231895720230912872e+00
8.663113268709761172e+00
9.072520789353147208e+00
9.477508214905647321e+00
9.865205026739955585e+00
1.019097992246984674e+01
1.039888540537661754e+01
1.045320522622784054e+01
1.036135371583450571e+01
1.017202414670469679e+01
9.947709082403557446e+00
9.728166334072438914e+00
9.509013282084215035e+00
9.251009609251248378e+00
8.915282144786701224e+00
8.501108478600004403e+00
8.059282777878944870e+00
7.669283252793562156e+00
7.393056025579892498e+00
7.235449745136019573e+00
7.138561278215307837e+00
7.015348095342242019e+00
6.801322700793546616e+00
6.490406777600868260e+00
6.131451901526630444e+00
5.788777571810756584e+00
5.494775902144112933e+00
5.227780970642230685e+00
4.930239444894829681e+00
4.553558921379448066e+00
4.097238332529985705e+00
3.614350393490111557e+00
3.179787802580447575e+00
2.844223837275766886e+00
2.606317155597098534e+00
2.421634025775626586e+00
2.239701853176479851e+00
2.040586270198197827e+00
1.844013567076074001e+00
1.685736219595946661e+00
1.581023893328672436e+00
1.504815907684567744e+00
1.404962844914068976e+00
1.239151919544402070e+00
1.007311827592132669e+00
7.540602433129035553e-01
5.382800679017687440e-01
3.922072607313167314e-01
3.010568252295156011e-01
2.191263778592456302e-01
1.104420468169933500e-01
-1.760288192718016675e-02
-1.151420078868367197e-01
-1.272763264443383668e-01
-4.165487770275380641e-02
9.005944921439704154e-02
1.760649609750905009e-01
1.404624889331614335e-01
-2.612940619831272127e-02
-2.571653245495296169e-01
-4.501324404112253541e-01
-5.298264923375548552e-01
-4.924402268231829471e-01
-4.012082244946182930e-01
-3.380810603558358496e-01
-3.462419900113330451e-01
-4.037990192415348845e-01
-4.460159271978245688e-01
-4.186016080710213139e-01
-3.227275101927339351e-01
-2.189001471598881476e-01
-1.865689703643683972e-01
-2.679530111935658487e-01
-4.356593435906200296e-01
-6.068183216502630595e-01
-6.940832786004045296e-01
-6.589017015325646653e-01
-5.320173427019795342e-01
-3.895931581387911402e-01
-3.034762807925541761e-01
-2.999372486366037038e-01
-3.527081516841994446e-01
-4.107596002609193442e-01
-4.377012515893527467e-01
-4.341621444362615545e-01
-4.294647520173856536e-01
-4.522145331319337158e-01
-5.038940226770906028e-01
-5.554821692086834295e-01
-5.687478856502901081e-01
-5.254251249681235469e-01
-4.423435324140454483e-01
-3.617059894068564985e-01
-3.240898520000764504e-01
-3.436970755298027758e-01
-4.026482952944420712e-01
-4.665683361935429874e-01
-5.085812358224104379e-01
-5.240896400593435533e-01
-5.270997086743579585e-01
-5.333571033566942843e-01
-5.450813314250340103e-01
-5.497963985005869247e-01
-5.339282599099377524e-01
-4.997847460564687205e-01
-4.714529011324175012e-01
-4.833240875408670312e-01
-5.582292543416174091e-01
-6.906268055069716416e-01
-8.475872847185023096e-01
-9.882544756315202461e-01
-1.089586127130764082e+00
-1.161615146161541157e+00
-1.242433823324770481e+00
-1.376695936050336133e+00
-1.592204791095097383e+00
-1.889767508810268337e+00
-2.251775522241842964e+00
-2.661899059035683468e+00
-3.121016002580799142e+00
-3.647968735983880606e+00
-4.265293194088584983e+00
-4.981359567672034139e+00
-5.783257195645090221e+00
-6.647013563706904549e+00
-7.558687201049670179e+00
-8.530809323413080847e+00
-9.600391220355763977e+00
-1.080672042023315171e+01
-1.216158989356369702e+01
-1.363141855732934538e+01
-1.514459483545615015e+01
-1.662161413333982196e+01
-1.801032720096163331e+01
-1.930425385949518002e+01
-2.053197909604799776e+01
-2.172406317872798454e+01
-2.287867211498875974e+01
-2.394827126072939905e+01
-2.485611525920359099e+01
-2.553177015340931177e+01
-2.594259327740868315e+01
-2.610138569947838860e+01
-2.604712270490375658e+01
-2.581422028298335647e+01
-2.541320308633466141e+01
-2.483659128399226645e+01
-2.408468535557834400e+01
-2.319048880024335801e+01
-2.222273546798384558e+01
-2.126160343089467375e+01
-2.036225022079898395e+01
-1.953172572119262540e+01
-1.873681368595089580e+01
-1.793880965429008967e+01
-1.713127005678348880e+01
-1.635310389814830145e+01
-1.566559864837049432e+01
-1.510736761741505418e+01
-1.465794429521314690e+01
-1.423648904636528911e+01
-1.373905709099821593e+01
-1.309177055497498543e+01
-1.228626154422606298e+01
-1.137572124966445841e+01
-1.043649517658844417e+01
-9.522772143689357094e+00
-8.644825814193279001e+00
-7.782922009589681167e+00
-6.922991198402662860e+00
-6.085278410131037319e+00
-5.323774390364368614e+00
-4.696830823748637584e+00
-4.230940380931460076e+00
-3.904336151397774568e+00
-3.661800896903739666e+00
-3.448730635747051743e+00
-3.238748298128695691e+00
-3.035187053375665300e+00
-2.847657182687721278e+00
-2.664533913463422721e+00
-2.445484238856926673e+00
-2.142535283560618176e+00
-1.735567981644599467e+00
-1.255791947087256943e+00
-7.782717708888617913e-01
-3.864778713340581984e-01
-1.317999894315610987e-01
-1.416191156781359053e-02
5.824430883008353300e-03
-2.472311440547918585e-02
-7.740367681277077194e-02
-1.458343161607873473e-01
-2.275631266172707390e-01
-3.035463885324710676e-01
-3.353374841990101607e-01
-2.847129399328118815e-01
-1.410002444690058032e-01
6.631140041828974263e-02
2.815101624475285780e-01
4.542532986473068468e-01
5.655474592437416126e-01
6.287108821534448388e-01
6.655655298434060008e-01
6.783101720665284384e-01
6.419287620824334351e-01
5.261677788948043721e-01
3.316422202888203996e-01
1.106528691059861652e-01
-4.821310882673899428e-02
-6.666630330655297365e-02
7.504170072704589856e-02
3.218749600981191672e-01
5.728839280650417365e-01
7.372478377346323164e-01
7.805539630971978227e-01
7.316542973047950316e-01
6.489218139811820940e-01
5.735174591918101861e-01
5.050954865320541609e-01
4.165579704010728412e-01
2.933999967824423294e-01
1.635925884148196063e-01
9.098128365642269011e-02
1.337623019982449313e-01
2.980196421467056211e-01
5.225204213675119780e-01
7.094393074103135799e-01
7.819622280417849458e-01
7.290455422498226534e-01
6.059513174185263695e-01
4.909541424931027076e-01
4.304729619509693461e-01
4.129984938119853899e-01
3.901908714600431094e-01
3.275674522502138308e-01
2.441827386496661090e-01
2.082347524980369402e-01
2.885928260953777302e-01
4.965628877368448157e-01
7.620676210703147824e-01
9.657392043832228046e-01
1.008986497344745992e+00
8.762269927157005922e-01
6.474203119640854487e-01
4.522487117786381239e-01
3.962964736240127128e-01
5.070617718127343743e-01
7.320349353748645260e-01
9.845003182912489548e-01
1.201593517979304471e+00
1.374835349869548251e+00
1.537081461035359586e+00
1.722682318025152926e+00
1.935287397666814346e+00
2.148330485331758410e+00
2.335556659158871895e+00
2.504869303221233690e+00
2.706423761179089560e+00
3.006277840074297991e+00
3.443808411148753468e+00
4.003879332317187512e+00
4.624023401635984243e+00
5.231272515221414565e+00
5.782276310137052455e+00
6.279441172590175313e+00
6.754869285566997839e+00
7.237783937976017157e+00
7.731723630895348975e+00
8.217696486588303983e+00
8.677397460351096825e+00
9.114164385184597705e+00
9.551440766571815288e+00
1.000734930566578029e+01
1.046469142833050014e+01
1.086185074972229359e+01
1.111633840536186213e+01
1.116891005598479047e+01
1.101993458825453587e+01
1.073322161799445595e+01
1.040358968494795455e+01
1.010817798629328657e+01
9.871339931462872030e+00
9.662673759825512576e+00
9.425448470765939391e+00
9.114318570849087919e+00
8.718770078210575036e+00
8.262001733523366198e+00
7.782713209816701116e+00
7.316447499839703994e+00
6.888497787224577174e+00
6.517689827089679255e+00
6.220849616224167988e+00
6.008962112974865377e+00
5.875970266834937838e+00
5.790599042917968120e+00
5.701874581438448608e+00
5.559297472084361758e+00
5.336582608785910509e+00
5.043444071866325373e+00
4.717216020152552147e+00
4.399997485765226202e+00
4.116960121861321653e+00
3.869815500248284135e+00
3.647496779271694134e+00
3.443169693740413706e+00
3.262809345033596209e+00
3.118668330620529616e+00
3.014413716990682168e+00
2.936529826944832333e+00
2.862070648519416949e+00
2.779087438303130320e+00
2.703843447595776439e+00
2.678516370420363835e+00
2.746057343706182152e+00
2.916376109931769989e+00
3.147002610467537487e+00
3.354276947971389866e+00
3.451830527733379395e+00
3.394618126386469203e+00
3.201994867070852013e+00
2.945942106597458920e+00
2.712167176724132212e+00
2.557939904329281422e+00
2.490735150518412766e+00
2.476755202944663559e+00
2.469177792658895587e+00
2.435606385935626506e+00
2.368658222760704035e+00
2.278059235115114323e+00
2.175614135829039952e+00
2.066776130336574369e+00
1.953861496412310661e+00
1.844335925894021955e+00
1.752892625554512307e+00
1.692036826142039319e+00
1.657428507103980930e+00
1.621390291584757781e+00
1.544039575599588154e+00
1.398507938548734009e+00
1.194303994162291271e+00
9.810906940426058487e-01
8.266029537252521653e-01
7.798539590595684468e-01
8.419179245522367960e-01
9.630507310965492618e-01
1.068507892875831367e+00
1.097139166830286783e+00
1.029198649587769410e+00
8.879350077094559923e-01
7.174838214663918912e-01
5.546529724095980995e-01
4.140215256832418533e-01
2.937734209453871648e-01
1.932865254294784119e-01
1.250788819779778405e-01
1.094260350976042073e-01
1.551660941994099374e-01
2.429503268792742587e-01
3.272053862659264900e-01
3.596377605995892957e-01
3.199367797273104941e-01
2.315673336784007663e-01
1.489644813357750563e-01
1.220251724056770487e-01
1.608438806137822974e-01
2.254756508456867703e-01
2.497988618350497347e-01
1.854712594929610880e-01
3.740879719620077148e-02
-1.333665554167330070e-01
-2.427575479268694603e-01
-2.323021706146506660e-01
-1.031892976402504214e-01
8.498786995803712940e-02
2.484692442910602650e-01
3.240059646136968508e-01
2.969681699259400509e-01
1.990932299368688430e-01
8.269545964936407534e-02
-8.443871636118677193e-03
-5.344073703492754901e-02
-5.009219029497313791e-02
-2.613346002808492052e-03
8.458336275980474217e-02
2.018986379159669609e-01
3.260893525707323493e-01
4.214396612117025098e-01
4.562973593930874650e-01
4.262733525247658362e-01
3.660547640305988892e-01
3.365165087166047120e-01
3.907705646766527208e-01
5.398433918653300356e-01
7.422585130494254724e-01
9.275158702876679095e-01
1.040247787403501878e+00
1.076169875699851675e+00
1.084895839354430791e+00
1.136589377289646485e+00
1.274401261996988444e+00
1.484938485887153714e+00
1.706905089450098556e+00
1.871746039658463534e+00
1.948136903174900070e+00
1.960054263246425732e+00
1.967249465798897257e+00
2.023333200824156464e+00
2.141403317630246939e+00
2.290038245114390580e+00
2.419455379661113348e+00
2.496098147473170936e+00
2.519665903799244600e+00
2.512088109870913577e+00
2.490655815995638012e+00
2.449680310771101155e+00
2.367256307193492670e+00
2.232187138849370367e+00
2.067987260014332307e+00
1.930929620565531968e+00
1.878268474401211252e+00
1.926933388061463415e+00
2.033441121575213728e+00
2.113419418064259148e+00
2.091821235382077315e+00
1.952093918364629532e+00
1.751177394513194763e+00
1.589047039537096806e+00
1.551678894633942374e+00
1.663799279266141573e+00
1.880583126233849267e+00
2.121049743178952340e+00
2.318971644130698895e+00
2.457968032948085746e+00
2.571110990751513725e+00
2.710702370637032121e+00
2.912489895893472625e+00
3.178408647160085199e+00
3.485331319362777069e+00
3.808123203846479843e+00
4.137643149978418755e+00
4.482123543257184650e+00
4.855394166614239282e+00
5.264894579326499624e+00
5.709486420356042480e+00
6.185829333192478074e+00
6.693383810822144397e+00
7.229964445737106615e+00
7.780426403509009603e+00
